{
    "w": 3072,
    "h": 4096,
    "fl_x": 3020.6876545676128,
    "fl_y": 3026.456929563862,
    "cx": 1546.1852996498183,
    "cy": 2057.894476441141,
    "k1": 0.05240608674227288,
    "k2": -0.07974506019803539,
    "p1": -0.0008705001976534303,
    "p2": -0.0017771395313851094,
    "camera_model": "OPENCV",
    "frames": [
        {
            "file_path": "images/frame_00001.jpg",
            "transform_matrix": [
                [
                    0.7688600695182274,
                    0.3489722729899873,
                    -0.535791513729574,
                    -1.390214494702397
                ],
                [
                    -0.4538767005403279,
                    -0.29236460034646305,
                    -0.8417356361535839,
                    -0.9003297309034264
                ],
                [
                    -0.45038886998576244,
                    0.8903602041581007,
                    -0.06639708310229635,
                    -1.7604331292684954
                ],
                [
                    0.0,
                    0.0,
                    0.0,
                    1.0
                ]
            ],
            "colmap_im_id": 1
        },
        {
            "file_path": "images/frame_00002.jpg",
            "transform_matrix": [
                [
                    0.770411303372528,
                    0.40632042767581855,
                    -0.49129434526481414,
                    -1.1739744064375264
                ],
                [
                    -0.45209499361690403,
                    -0.1951702133351292,
                    -0.8703555047066983,
                    -1.3463426451320006
                ],
                [
                    -0.44952924307810505,
                    0.8926434326650592,
                    0.03333409272150572,
                    -1.092865493765426
                ],
                [
                    0.0,
                    0.0,
                    0.0,
                    1.0
                ]
            ],
            "colmap_im_id": 2
        },
        {
            "file_path": "images/frame_00003.jpg",
            "transform_matrix": [
                [
                    0.7659512991965665,
                    0.46080858436388833,
                    -0.448301300283237,
                    -1.1266342489140173
                ],
                [
                    -0.43917543184127256,
                    -0.13421557612511953,
                    -0.888319266475986,
                    -1.7555105061625362
                ],
                [
                    -0.46951416094312165,
                    0.8772922134055171,
                    0.09957321412872513,
                    -0.5825946614737991
                ],
                [
                    0.0,
                    0.0,
                    0.0,
                    1.0
                ]
            ],
            "colmap_im_id": 3
        },
        {
            "file_path": "images/frame_00004.jpg",
            "transform_matrix": [
                [
                    0.7478747437214402,
                    0.4627543919809055,
                    -0.47596401167102154,
                    -1.161309922383819
                ],
                [
                    -0.4568477563807801,
                    -0.16141884013344973,
                    -0.8747765917877656,
                    -2.2089410432851597
                ],
                [
                    -0.4816362685610762,
                    0.8716664102466919,
                    0.09068723203521298,
                    -0.11204244446745837
                ],
                [
                    0.0,
                    0.0,
                    0.0,
                    1.0
                ]
            ],
            "colmap_im_id": 4
        },
        {
            "file_path": "images/frame_00005.jpg",
            "transform_matrix": [
                [
                    0.5299669844166878,
                    0.4412918014123031,
                    -0.7241522916034762,
                    -2.0433410452171956
                ],
                [
                    -0.6548267107606078,
                    -0.32963222229959366,
                    -0.6801062982330585,
                    -0.1236948774624175
                ],
                [
                    -0.5388292626637168,
                    0.834628147157832,
                    0.11427546398575528,
                    -1.183396595818588
                ],
                [
                    0.0,
                    0.0,
                    0.0,
                    1.0
                ]
            ],
            "colmap_im_id": 5
        },
        {
            "file_path": "images/frame_00006.jpg",
            "transform_matrix": [
                [
                    0.54473311606372,
                    0.5598258824447288,
                    -0.6243883515957759,
                    -1.8839454719685598
                ],
                [
                    -0.6302020221420491,
                    -0.21794553725757415,
                    -0.7452148375318215,
                    -0.5121820108112282
                ],
                [
                    -0.5532732087780696,
                    0.7994340023632269,
                    0.2340812515216256,
                    -0.6189160459546099
                ],
                [
                    0.0,
                    0.0,
                    0.0,
                    1.0
                ]
            ],
            "colmap_im_id": 6
        },
        {
            "file_path": "images/frame_00007.jpg",
            "transform_matrix": [
                [
                    0.5204081465966507,
                    0.6278874318894435,
                    -0.5787337331028128,
                    -1.802889142476733
                ],
                [
                    -0.6429737931826307,
                    -0.15786117118610238,
                    -0.7494428276473741,
                    -0.8324767975126109
                ],
                [
                    -0.5619253173119876,
                    0.7621267765319829,
                    0.3215629242571203,
                    0.025555643897715547
                ],
                [
                    0.0,
                    0.0,
                    0.0,
                    1.0
                ]
            ],
            "colmap_im_id": 7
        },
        {
            "file_path": "images/frame_00008.jpg",
            "transform_matrix": [
                [
                    0.4881006282331703,
                    0.6527288203469982,
                    -0.5793987088411579,
                    -1.687615989940538
                ],
                [
                    -0.6556295994855552,
                    -0.16398649692015124,
                    -0.7370605518587109,
                    -1.1851350943830137
                ],
                [
                    -0.5761142291219642,
                    0.7396306618281,
                    0.3479064228882988,
                    0.6027450723284193
                ],
                [
                    0.0,
                    0.0,
                    0.0,
                    1.0
                ]
            ],
            "colmap_im_id": 8
        },
        {
            "file_path": "images/frame_00009.jpg",
            "transform_matrix": [
                [
                    0.2772256557965522,
                    0.41274792702722274,
                    -0.8676318830603802,
                    -2.5913824244472283
                ],
                [
                    -0.7354271255862979,
                    -0.48996005908524787,
                    -0.46806632377586843,
                    0.7372462827849443
                ],
                [
                    -0.6182983735382513,
                    0.767840015391169,
                    0.1677165228713083,
                    -1.0081858670330401
                ],
                [
                    0.0,
                    0.0,
                    0.0,
                    1.0
                ]
            ],
            "colmap_im_id": 9
        },
        {
            "file_path": "images/frame_00010.jpg",
            "transform_matrix": [
                [
                    0.29150071519579035,
                    0.5149126400703067,
                    -0.8061589831640956,
                    -2.6795252537380736
                ],
                [
                    -0.7399552510246695,
                    -0.4127070895608852,
                    -0.531167661578904,
                    0.3802054861575479
                ],
                [
                    -0.6062124706085815,
                    0.7513573259921073,
                    0.26070790006562833,
                    -0.393009718292593
                ],
                [
                    0.0,
                    0.0,
                    0.0,
                    1.0
                ]
            ],
            "colmap_im_id": 10
        },
        {
            "file_path": "images/frame_00011.jpg",
            "transform_matrix": [
                [
                    0.32050231478405417,
                    0.6428451430419665,
                    -0.6957214875835125,
                    -2.588953427340641
                ],
                [
                    -0.7747967496537345,
                    -0.24462647595439022,
                    -0.5829647364876746,
                    -0.394549879555463
                ],
                [
                    -0.5449479451691421,
                    0.725884294725743,
                    0.41967097555875815,
                    0.4010672368114578
                ],
                [
                    0.0,
                    0.0,
                    0.0,
                    1.0
                ]
            ],
            "colmap_im_id": 11
        },
        {
            "file_path": "images/frame_00012.jpg",
            "transform_matrix": [
                [
                    0.3214766129704144,
                    0.6570354115906515,
                    -0.6818777421422204,
                    -2.27289180687645
                ],
                [
                    -0.7589332262478905,
                    -0.2518597686729083,
                    -0.6004889799330182,
                    -0.7599828358147507
                ],
                [
                    -0.5662800944850858,
                    0.710542838145549,
                    0.4176789793011256,
                    0.7760982668510855
                ],
                [
                    0.0,
                    0.0,
                    0.0,
                    1.0
                ]
            ],
            "colmap_im_id": 12
        },
        {
            "file_path": "images/frame_00013.jpg",
            "transform_matrix": [
                [
                    0.1209815436444896,
                    0.5578991070628703,
                    -0.8210432707451216,
                    -1.8420306423910429
                ],
                [
                    -0.7927284290728199,
                    -0.4435172991823007,
                    -0.4181794388366984,
                    1.3227344275303654
                ],
                [
                    -0.597448829471725,
                    0.7014563362494411,
                    0.3886050752349691,
                    -0.34716781264836266
                ],
                [
                    0.0,
                    0.0,
                    0.0,
                    1.0
                ]
            ],
            "colmap_im_id": 13
        },
        {
            "file_path": "images/frame_00014.jpg",
            "transform_matrix": [
                [
                    0.12620411580665086,
                    0.65357529797167,
                    -0.746265268543769,
                    -1.7059656461590724
                ],
                [
                    -0.7852316700941209,
                    -0.393894045763742,
                    -0.4777642776443928,
                    1.1316549178403765
                ],
                [
                    -0.6062043759613243,
                    0.6462869413759755,
                    0.46349697299143994,
                    -0.17345589933278094
                ],
                [
                    0.0,
                    0.0,
                    0.0,
                    1.0
                ]
            ],
            "colmap_im_id": 14
        },
        {
            "file_path": "images/frame_00015.jpg",
            "transform_matrix": [
                [
                    0.117000200160675,
                    0.7328276284731886,
                    -0.6702795089428918,
                    -1.5847378920802055
                ],
                [
                    -0.8017428560212758,
                    -0.3286104754473429,
                    -0.4992229444297597,
                    0.7877685525161885
                ],
                [
                    -0.5861052345621984,
                    0.5958009922554958,
                    0.5490918244211592,
                    0.46652973640701884
                ],
                [
                    0.0,
                    0.0,
                    0.0,
                    1.0
                ]
            ],
            "colmap_im_id": 15
        },
        {
            "file_path": "images/frame_00016.jpg",
            "transform_matrix": [
                [
                    0.12173170344730855,
                    0.7983240532572621,
                    -0.5897966584906301,
                    -1.5099936689366156
                ],
                [
                    -0.7749881149569334,
                    -0.29481137301162486,
                    -0.5589988157576902,
                    0.10208075352737482
                ],
                [
                    -0.6201409630489797,
                    0.5251332786387632,
                    0.5828037625262789,
                    1.0809811121025121
                ],
                [
                    0.0,
                    0.0,
                    0.0,
                    1.0
                ]
            ],
            "colmap_im_id": 16
        },
        {
            "file_path": "images/frame_00017.jpg",
            "transform_matrix": [
                [
                    -0.6037367366079086,
                    0.400209170915462,
                    -0.689445119197452,
                    -1.5690479647284916
                ],
                [
                    -0.6871430148718114,
                    -0.6997094733805282,
                    0.19555339417770076,
                    3.2107583553257872
                ],
                [
                    -0.40414901952486254,
                    0.5918101658274394,
                    0.6974412503145984,
                    0.6664972864078953
                ],
                [
                    0.0,
                    0.0,
                    0.0,
                    1.0
                ]
            ],
            "colmap_im_id": 17
        },
        {
            "file_path": "images/frame_00018.jpg",
            "transform_matrix": [
                [
                    -0.5782195485186375,
                    0.45671840431392835,
                    -0.6760698579820299,
                    -1.509490412527984
                ],
                [
                    -0.7076039426726523,
                    -0.6932242249766154,
                    0.13688255630170262,
                    2.839624674801109
                ],
                [
                    -0.40615122063711806,
                    0.5575378669350719,
                    0.7240115419718591,
                    0.976033108759561
                ],
                [
                    0.0,
                    0.0,
                    0.0,
                    1.0
                ]
            ],
            "colmap_im_id": 18
        },
        {
            "file_path": "images/frame_00019.jpg",
            "transform_matrix": [
                [
                    -0.5198847497702497,
                    0.6432896596204066,
                    -0.5620482726437156,
                    -1.3664877236244644
                ],
                [
                    -0.7242980247060278,
                    -0.6807811345220564,
                    -0.10922187640673078,
                    1.7160035271554333
                ],
                [
                    -0.4528931644033385,
                    0.3503076657801288,
                    0.8198611595461804,
                    1.7922515765419207
                ],
                [
                    0.0,
                    0.0,
                    0.0,
                    1.0
                ]
            ],
            "colmap_im_id": 19
        },
        {
            "file_path": "images/frame_00020.jpg",
            "transform_matrix": [
                [
                    -0.5341111699036355,
                    0.6132427305623182,
                    -0.5819438216843973,
                    -1.319861474156162
                ],
                [
                    -0.6780367784369609,
                    -0.7218805838374568,
                    -0.13839996302499574,
                    1.2592305249721012
                ],
                [
                    -0.5049667169933058,
                    0.3206583479202817,
                    0.8013656085945028,
                    2.1691715084396463
                ],
                [
                    0.0,
                    0.0,
                    0.0,
                    1.0
                ]
            ],
            "colmap_im_id": 20
        },
        {
            "file_path": "images/frame_00021.jpg",
            "transform_matrix": [
                [
                    -0.8717403324058259,
                    0.21652044225766126,
                    -0.4395312172548469,
                    -1.0505016657760233
                ],
                [
                    -0.40344514335754333,
                    -0.8262343210633986,
                    0.39315246787743335,
                    4.107752187177847
                ],
                [
                    -0.27803023065521465,
                    0.5200535979891414,
                    0.8076159025553896,
                    1.2128876024369124
                ],
                [
                    0.0,
                    0.0,
                    0.0,
                    1.0
                ]
            ],
            "colmap_im_id": 21
        },
        {
            "file_path": "images/frame_00022.jpg",
            "transform_matrix": [
                [
                    -0.9020903286416007,
                    0.19998535365183484,
                    -0.38241194711467746,
                    -0.8926636494237377
                ],
                [
                    -0.3490249325607207,
                    -0.8592572621841272,
                    0.37397667552244707,
                    3.732312708988919
                ],
                [
                    -0.253800384992365,
                    0.4708320461784522,
                    0.8449275406028252,
                    1.7028731710286404
                ],
                [
                    0.0,
                    0.0,
                    0.0,
                    1.0
                ]
            ],
            "colmap_im_id": 22
        },
        {
            "file_path": "images/frame_00023.jpg",
            "transform_matrix": [
                [
                    -0.9075610715759744,
                    0.2840967440221411,
                    -0.3092279764120392,
                    -0.6895109918715454
                ],
                [
                    -0.38267380308640186,
                    -0.8627522291065852,
                    0.33048351184742425,
                    3.1035362669390683
                ],
                [
                    -0.17289783628274938,
                    0.4182674159047485,
                    0.8917167190319507,
                    2.513874983504158
                ],
                [
                    0.0,
                    0.0,
                    0.0,
                    1.0
                ]
            ],
            "colmap_im_id": 23
        },
        {
            "file_path": "images/frame_00024.jpg",
            "transform_matrix": [
                [
                    -0.8396828728026995,
                    0.4081987034115697,
                    -0.3581989554073515,
                    -0.6509686314518627
                ],
                [
                    -0.4868143883135711,
                    -0.8581065391703484,
                    0.1632939642606848,
                    2.330057084862727
                ],
                [
                    -0.2407164814728896,
                    0.3114915503929438,
                    0.9192543660930372,
                    3.219212741883441
                ],
                [
                    0.0,
                    0.0,
                    0.0,
                    1.0
                ]
            ],
            "colmap_im_id": 24
        },
        {
            "file_path": "images/frame_00025.jpg",
            "transform_matrix": [
                [
                    -0.997231668487324,
                    0.07123506463484387,
                    -0.021320528428108342,
                    0.5787264172767931
                ],
                [
                    -0.07255387795225256,
                    -0.869423586164821,
                    0.48871112389057514,
                    4.325517385004443
                ],
                [
                    0.016276798213217408,
                    0.4889050965031667,
                    0.8721851136388159,
                    1.7410958187888546
                ],
                [
                    0.0,
                    0.0,
                    0.0,
                    1.0
                ]
            ],
            "colmap_im_id": 25
        },
        {
            "file_path": "images/frame_00026.jpg",
            "transform_matrix": [
                [
                    -0.9925755567061606,
                    0.11307333204821193,
                    -0.04481278622186252,
                    0.6884087979742917
                ],
                [
                    -0.12061412371400437,
                    -0.8675362778437853,
                    0.4825277606373033,
                    3.917684213365376
                ],
                [
                    0.015684303942298156,
                    0.4843503155820841,
                    0.8747335448040049,
                    2.1876404777345617
                ],
                [
                    0.0,
                    0.0,
                    0.0,
                    1.0
                ]
            ],
            "colmap_im_id": 26
        },
        {
            "file_path": "images/frame_00027.jpg",
            "transform_matrix": [
                [
                    -0.9948621076053268,
                    0.10123025312563515,
                    -0.0013500752604341981,
                    0.8279185658989849
                ],
                [
                    -0.09631483125785133,
                    -0.9422779332784393,
                    0.3206801361735486,
                    3.2575729471588595
                ],
                [
                    0.031190385231039123,
                    0.3191625484116727,
                    0.9471865853993641,
                    3.0684815285386637
                ],
                [
                    0.0,
                    0.0,
                    0.0,
                    1.0
                ]
            ],
            "colmap_im_id": 27
        },
        {
            "file_path": "images/frame_00028.jpg",
            "transform_matrix": [
                [
                    -0.9964631951850828,
                    0.08058016058018368,
                    0.02383145741255213,
                    0.9686773081362194
                ],
                [
                    -0.06814692831500194,
                    -0.9408615464378559,
                    0.3318667603056917,
                    2.781342435198829
                ],
                [
                    0.0491639787116997,
                    0.3290689717299971,
                    0.9430251932169136,
                    3.7468211232656694
                ],
                [
                    0.0,
                    0.0,
                    0.0,
                    1.0
                ]
            ],
            "colmap_im_id": 28
        },
        {
            "file_path": "images/frame_00029.jpg",
            "transform_matrix": [
                [
                    -0.7611395244383131,
                    -0.17443039251255393,
                    0.6246924543371211,
                    2.8412584045609877
                ],
                [
                    0.4604190761291573,
                    -0.8236866284376682,
                    0.3309903510215379,
                    3.5690241297565266
                ],
                [
                    0.45681604467684017,
                    0.5395501610609559,
                    0.7072515288247202,
                    0.7343781868559675
                ],
                [
                    0.0,
                    0.0,
                    0.0,
                    1.0
                ]
            ],
            "colmap_im_id": 29
        },
        {
            "file_path": "images/frame_00030.jpg",
            "transform_matrix": [
                [
                    -0.7644774380719053,
                    -0.1890940549134817,
                    0.6162935056248718,
                    2.904609992725089
                ],
                [
                    0.46407495835891166,
                    -0.824989517558932,
                    0.3225317487349966,
                    3.2829270818242535
                ],
                [
                    0.4474468456735294,
                    0.5325746279295115,
                    0.718439688479521,
                    1.1138989246292084
                ],
                [
                    0.0,
                    0.0,
                    0.0,
                    1.0
                ]
            ],
            "colmap_im_id": 30
        },
        {
            "file_path": "images/frame_00031.jpg",
            "transform_matrix": [
                [
                    -0.7616694123808956,
                    -0.2725077570492998,
                    0.5878768821711742,
                    3.0156468497481925
                ],
                [
                    0.4620516056040085,
                    -0.864486467935748,
                    0.1979178125251297,
                    2.752485499348403
                ],
                [
                    0.45427747027791154,
                    0.4223774012703975,
                    0.7843655467280335,
                    1.6666800956712893
                ],
                [
                    0.0,
                    0.0,
                    0.0,
                    1.0
                ]
            ],
            "colmap_im_id": 31
        },
        {
            "file_path": "images/frame_00032.jpg",
            "transform_matrix": [
                [
                    -0.7548585950793388,
                    -0.35563735385116946,
                    0.5510994229543178,
                    3.169152036921353
                ],
                [
                    0.4729498697718223,
                    -0.8772956017285368,
                    0.08167525861960243,
                    2.150598713960396
                ],
                [
                    0.45443032702237235,
                    0.32229567129190756,
                    0.8304327655799938,
                    2.733354532550685
                ],
                [
                    0.0,
                    0.0,
                    0.0,
                    1.0
                ]
            ],
            "colmap_im_id": 32
        },
        {
            "file_path": "images/frame_00033.jpg",
            "transform_matrix": [
                [
                    -0.235419377925208,
                    -0.25569591884321513,
                    0.9376552210616822,
                    4.218542515503975
                ],
                [
                    0.7568274671801515,
                    -0.6535080250743948,
                    0.011808729188232633,
                    2.593406681059319
                ],
                [
                    0.6097457678565591,
                    0.7124232297239388,
                    0.34736614735855736,
                    -0.20932335769659338
                ],
                [
                    0.0,
                    0.0,
                    0.0,
                    1.0
                ]
            ],
            "colmap_im_id": 33
        },
        {
            "file_path": "images/frame_00034.jpg",
            "transform_matrix": [
                [
                    -0.29338779303700796,
                    -0.27724779601744676,
                    0.9149083355726637,
                    4.270432052623646
                ],
                [
                    0.759738284943786,
                    -0.6485204900045614,
                    0.04710533340204424,
                    2.3168353990061483
                ],
                [
                    0.5802769522284579,
                    0.708911019555848,
                    0.40090376035245695,
                    0.45375426436239946
                ],
                [
                    0.0,
                    0.0,
                    0.0,
                    1.0
                ]
            ],
            "colmap_im_id": 34
        },
        {
            "file_path": "images/frame_00035.jpg",
            "transform_matrix": [
                [
                    -0.26245429354783506,
                    -0.36958160042510657,
                    0.8913625437640531,
                    4.535066317507693
                ],
                [
                    0.7570398138321428,
                    -0.6516551959230332,
                    -0.04728875024260499,
                    1.6208847746369435
                ],
                [
                    0.5983380850917827,
                    0.6623857986504013,
                    0.4508176900643638,
                    1.0721660418601442
                ],
                [
                    0.0,
                    0.0,
                    0.0,
                    1.0
                ]
            ],
            "colmap_im_id": 35
        },
        {
            "file_path": "images/frame_00036.jpg",
            "transform_matrix": [
                [
                    -0.30461913505920013,
                    -0.4235600435544954,
                    0.853114337038065,
                    4.527755917908391
                ],
                [
                    0.7527890155226681,
                    -0.65580646118463,
                    -0.05680302436405709,
                    1.145350576149898
                ],
                [
                    0.5835373858324722,
                    0.624911813756634,
                    0.5186225451744245,
                    2.059488212266228
                ],
                [
                    0.0,
                    0.0,
                    0.0,
                    1.0
                ]
            ],
            "colmap_im_id": 36
        },
        {
            "file_path": "images/frame_00037.jpg",
            "transform_matrix": [
                [
                    0.2748386830868305,
                    -0.2698895692550714,
                    0.9228343939658993,
                    3.966659452393844
                ],
                [
                    0.7332455011117172,
                    -0.5620148424548258,
                    -0.3827405804979447,
                    0.7542541576180661
                ],
                [
                    0.6219443169436657,
                    0.7818560847545983,
                    0.04343189327772359,
                    -1.4174401591206882
                ],
                [
                    0.0,
                    0.0,
                    0.0,
                    1.0
                ]
            ],
            "colmap_im_id": 37
        },
        {
            "file_path": "images/frame_00038.jpg",
            "transform_matrix": [
                [
                    0.30585702636653955,
                    -0.3318656168056249,
                    0.8923657836360827,
                    4.114297512458383
                ],
                [
                    0.7458372166991967,
                    -0.4990450839081247,
                    -0.4412265295894259,
                    0.056039782831654165
                ],
                [
                    0.5917586717646086,
                    0.8005118466389833,
                    0.09488128256949005,
                    -0.5981054338380903
                ],
                [
                    0.0,
                    0.0,
                    0.0,
                    1.0
                ]
            ],
            "colmap_im_id": 38
        },
        {
            "file_path": "images/frame_00039.jpg",
            "transform_matrix": [
                [
                    0.3344743295040525,
                    -0.4221691918761937,
                    0.8425556933125642,
                    4.318763894736488
                ],
                [
                    0.7689801637196917,
                    -0.3945747745023697,
                    -0.5029714257609866,
                    -0.814673551534668
                ],
                [
                    0.5447902630448256,
                    0.8161396453775577,
                    0.1926646011454728,
                    0.6732889002550229
                ],
                [
                    0.0,
                    0.0,
                    0.0,
                    1.0
                ]
            ],
            "colmap_im_id": 39
        },
        {
            "file_path": "images/frame_00040.jpg",
            "transform_matrix": [
                [
                    0.880182913527602,
                    -0.017207605476477005,
                    0.4743226086197323,
                    2.695795999322317
                ],
                [
                    0.41575762112454334,
                    -0.4541272571868761,
                    -0.7879809862914116,
                    -0.38909163285330983
                ],
                [
                    0.22896209120927094,
                    0.8907706397236558,
                    -0.39256085922489364,
                    -2.523317069807654
                ],
                [
                    0.0,
                    0.0,
                    0.0,
                    1.0
                ]
            ],
            "colmap_im_id": 40
        },
        {
            "file_path": "images/frame_00041.jpg",
            "transform_matrix": [
                [
                    0.830941160426448,
                    -0.14227201791538704,
                    0.5378619347262192,
                    3.210256338628195
                ],
                [
                    0.4806638700178272,
                    -0.3032676746894264,
                    -0.8227946047149031,
                    -0.5729107458579897
                ],
                [
                    0.28017678699105913,
                    0.9422247027152025,
                    -0.18361257479980675,
                    -1.741660761644835
                ],
                [
                    0.0,
                    0.0,
                    0.0,
                    1.0
                ]
            ],
            "colmap_im_id": 41
        },
        {
            "file_path": "images/frame_00042.jpg",
            "transform_matrix": [
                [
                    0.8416172563566957,
                    -0.3545050001844993,
                    0.4074390735396102,
                    2.734243400107478
                ],
                [
                    0.42460653667678044,
                    -0.031879461159726605,
                    -0.9048165498970027,
                    -1.8243412217912367
                ],
                [
                    0.3337509293080359,
                    0.9345105161528968,
                    0.12369483572756294,
                    -0.12167990950694707
                ],
                [
                    0.0,
                    0.0,
                    0.0,
                    1.0
                ]
            ],
            "colmap_im_id": 42
        },
        {
            "file_path": "images/frame_00043.jpg",
            "transform_matrix": [
                [
                    0.993498107940448,
                    0.11315471170709511,
                    0.012550726562004668,
                    1.2474463043806105
                ],
                [
                    0.058871051691344156,
                    -0.41624836131153187,
                    -0.9073430999231875,
                    -1.514313842840036
                ],
                [
                    -0.09744592752652675,
                    0.9021825274987034,
                    -0.4202034962783464,
                    -3.475834143477836
                ],
                [
                    0.0,
                    0.0,
                    0.0,
                    1.0
                ]
            ],
            "colmap_im_id": 43
        },
        {
            "file_path": "images/frame_00044.jpg",
            "transform_matrix": [
                [
                    0.9884296800177824,
                    0.0794844973253624,
                    0.12918584421243146,
                    1.9131571295270529
                ],
                [
                    0.1454826109255685,
                    -0.25583720303323815,
                    -0.9557102779934981,
                    -2.044620790038523
                ],
                [
                    -0.04291360598019945,
                    0.9634466981774674,
                    -0.264440696929788,
                    -2.7518389042253335
                ],
                [
                    0.0,
                    0.0,
                    0.0,
                    1.0
                ]
            ],
            "colmap_im_id": 44
        },
        {
            "file_path": "images/frame_00045.jpg",
            "transform_matrix": [
                [
                    0.9873592031758525,
                    0.03941320195700436,
                    0.15352004239004705,
                    2.1290410653269993
                ],
                [
                    0.15735499966998318,
                    -0.1276081506900363,
                    -0.9792627655314627,
                    -3.038058976917816
                ],
                [
                    -0.01900547244361625,
                    0.9910412500945485,
                    -0.13219694636499577,
                    -1.6006960046903174
                ],
                [
                    0.0,
                    0.0,
                    0.0,
                    1.0
                ]
            ],
            "colmap_im_id": 45
