{
    "w": 3072,
    "h": 4096,
    "fl_x": 3042.3646404279984,
    "fl_y": 3044.2999622515,
    "cx": 1552.126627521191,
    "cy": 2067.880815097397,
    "k1": 0.03560142582355867,
    "k2": -0.051111142771677665,
    "p1": 0.0015315176234376594,
    "p2": -0.00035553387003516,
    "camera_model": "OPENCV",
    "frames": [
        {
            "file_path": "images/frame_00001.jpg",
            "transform_matrix": [
                [
                    0.9898709206534471,
                    0.07202617980632063,
                    -0.12234291915433713,
                    -1.1903758193626055
                ],
                [
                    -0.11946434426758311,
                    -0.043017816704037266,
                    -0.9919061134476055,
                    -2.8095729661930204
                ],
                [
                    -0.07670613334938403,
                    0.9964746343327187,
                    -0.03397752548466547,
                    -1.933907058309491
                ],
                [
                    0.0,
                    0.0,
                    0.0,
                    1.0
                ]
            ],
            "colmap_im_id": 1
        },
        {
            "file_path": "images/frame_00002.jpg",
            "transform_matrix": [
                [
                    0.99067125228525,
                    0.07248223571247812,
                    -0.11539842027382785,
                    -1.1369907356798454
                ],
                [
                    -0.11281840280386937,
                    -0.038747525434645824,
                    -0.9928598275997853,
                    -2.78846960839785
                ],
                [
                    -0.07643610327821611,
                    0.9966167542133798,
                    -0.030208729480559807,
                    -1.9112132942983053
                ],
                [
                    0.0,
                    0.0,
                    0.0,
                    1.0
                ]
            ],
            "colmap_im_id": 2
        },
        {
            "file_path": "images/frame_00003.jpg",
            "transform_matrix": [
                [
                    0.9939181008752392,
                    0.0585732804025529,
                    -0.09325223630263163,
                    -1.0047293276882723
                ],
                [
                    -0.09147441110718403,
                    -0.03233924209065822,
                    -0.9952821738248886,
                    -2.7558811550472377
                ],
                [
                    -0.061312648492393665,
                    0.9977591614432242,
                    -0.026784601751052114,
                    -1.89245394228007
                ],
                [
                    0.0,
                    0.0,
                    0.0,
                    1.0
                ]
            ],
            "colmap_im_id": 3
        },
        {
            "file_path": "images/frame_00004.jpg",
            "transform_matrix": [
                [
                    0.996750368076506,
                    0.04589961502432363,
                    -0.06619614097490086,
                    -0.8073537234889566
                ],
                [
                    -0.06486396081990894,
                    -0.029931432710040083,
                    -0.9974451242663316,
                    -2.7212531034464282
                ],
                [
                    -0.04776369255096783,
                    0.9984975386432074,
                    -0.026856935740202988,
                    -1.8603440453729878
                ],
                [
                    0.0,
                    0.0,
                    0.0,
                    1.0
                ]
            ],
            "colmap_im_id": 4
        },
        {
            "file_path": "images/frame_00005.jpg",
            "transform_matrix": [
                [
                    0.9998450556287063,
                    0.010402876691653436,
                    -0.014200172230209578,
                    -0.478489502034182
                ],
                [
                    -0.014043814140780713,
                    -0.014952218577325678,
                    -0.9997895790835165,
                    -2.6787183899689624
                ],
                [
                    -0.010613011787827675,
                    0.9998340918953276,
                    -0.014803805748431724,
                    -1.866300347010632
                ],
                [
                    0.0,
                    0.0,
                    0.0,
                    1.0
                ]
            ],
            "colmap_im_id": 5
        },
        {
            "file_path": "images/frame_00006.jpg",
            "transform_matrix": [
                [
                    0.9999897740728094,
                    -0.001528923101833831,
                    -0.004256071423260422,
                    -0.32262230407526854
                ],
                [
                    -0.004256584986690581,
                    -0.0003328019714782927,
                    -0.9999908853220106,
                    -2.6678076956632566
                ],
                [
                    0.001527492737231674,
                    0.999998775817749,
                    -0.00033930655939063374,
                    -1.8552894246963114
                ],
                [
                    0.0,
                    0.0,
                    0.0,
                    1.0
                ]
            ],
            "colmap_im_id": 6
        },
        {
            "file_path": "images/frame_00007.jpg",
            "transform_matrix": [
                [
                    0.9977896553779555,
                    0.0308123178106665,
                    -0.05887618102319055,
                    -0.39304543114745355
                ],
                [
                    -0.059213215439696994,
                    0.010141811154951988,
                    -0.9981938382818185,
                    -2.6504139669619153
                ],
                [
                    -0.030159554672326467,
                    0.9994737338908071,
                    0.011943890669927253,
                    -1.8363653437668888
                ],
                [
                    0.0,
                    0.0,
                    0.0,
                    1.0
                ]
            ],
            "colmap_im_id": 7
        },
        {
            "file_path": "images/frame_00008.jpg",
            "transform_matrix": [
                [
                    0.9999268638619501,
                    -0.006894376696669071,
                    -0.009936523394510472,
                    -0.0919887215378908
                ],
                [
                    -0.009803220603990392,
                    0.019106629406354818,
                    -0.9997693901988185,
                    -2.569353309794776
                ],
                [
                    0.00708264025591627,
                    0.999793680857552,
                    0.019037644925584428,
                    -1.7904510768453872
                ],
                [
                    0.0,
                    0.0,
                    0.0,
                    1.0
                ]
            ],
            "colmap_im_id": 8
        },
        {
            "file_path": "images/frame_00009.jpg",
            "transform_matrix": [
                [
                    0.9990257342966633,
                    -0.030174832156420837,
                    0.03220344263187581,
                    0.23082542840002798
                ],
                [
                    0.032456621456149436,
                    0.007938378550292361,
                    -0.9994416190401743,
                    -2.4574177418291163
                ],
                [
                    0.029902339986444294,
                    0.9995131122953436,
                    0.008910017565134506,
                    -1.7046993750906183
                ],
                [
                    0.0,
                    0.0,
                    0.0,
                    1.0
                ]
            ],
            "colmap_im_id": 9
        },
        {
            "file_path": "images/frame_00010.jpg",
            "transform_matrix": [
                [
                    0.9948445341192373,
                    -0.0571341779237199,
                    0.08378567088743882,
                    0.4597546107616044
                ],
                [
                    0.0835541689343645,
                    -0.006433000441753815,
                    -0.9964824721785147,
                    -2.379588979562545
                ],
                [
                    0.05747220012114705,
                    0.9983457828920284,
                    -0.0016260365733008937,
                    -1.6543246171043262
                ],
                [
                    0.0,
                    0.0,
                    0.0,
                    1.0
                ]
            ],
            "colmap_im_id": 10
        },
        {
            "file_path": "images/frame_00011.jpg",
            "transform_matrix": [
                [
                    0.9962344087536043,
                    -0.03959003446242306,
                    0.07713385758939355,
                    0.5679983581903305
                ],
                [
                    0.07707545283568877,
                    -0.003001712687704137,
                    -0.9970207441628853,
                    -2.367142480347007
                ],
                [
                    0.039703619300136966,
                    0.9992114985788567,
                    6.101036928865724e-05,
                    -1.6063569831906555
                ],
                [
                    0.0,
                    0.0,
                    0.0,
                    1.0
                ]
            ],
            "colmap_im_id": 11
        },
        {
            "file_path": "images/frame_00012.jpg",
            "transform_matrix": [
                [
                    0.9959273216414325,
                    -0.04753773237090939,
                    0.0766089682031706,
                    0.574319533771001
                ],
                [
                    0.07666348779580107,
                    -0.0006779907150231063,
                    -0.9970567937522784,
                    -2.3562076664305924
                ],
                [
                    0.047449759189122066,
                    0.9988692128249935,
                    0.0029691788885465465,
                    -1.601497667621985
                ],
                [
                    0.0,
                    0.0,
                    0.0,
                    1.0
                ]
            ],
            "colmap_im_id": 12
        },
        {
            "file_path": "images/frame_00013.jpg",
            "transform_matrix": [
                [
                    0.9861952581209322,
                    -0.09967130424383275,
                    0.13222913434686553,
                    0.8583288472279785
                ],
                [
                    0.13317793476670065,
                    0.002897036276028326,
                    -0.9910879097598214,
                    -2.2116779650504275
                ],
                [
                    0.09839995198710472,
                    0.995016200014426,
                    0.016131061892720587,
                    -1.530416019491456
                ],
                [
                    0.0,
                    0.0,
                    0.0,
                    1.0
                ]
            ],
            "colmap_im_id": 13
        },
        {
            "file_path": "images/frame_00014.jpg",
            "transform_matrix": [
                [
                    0.9764402045293495,
                    -0.12848871363993525,
                    0.17336429114969734,
                    1.1543597147514728
                ],
                [
                    0.1748870960688185,
                    0.0005785324266223806,
                    -0.9845883245950294,
                    -2.047759958392375
                ],
                [
                    0.12640819042806586,
                    0.9917108024859799,
                    0.023035920327084288,
                    -1.4232635134141662
                ],
                [
                    0.0,
                    0.0,
                    0.0,
                    1.0
                ]
            ],
            "colmap_im_id": 14
        },
        {
            "file_path": "images/frame_00015.jpg",
            "transform_matrix": [
                [
                    0.9572440435880811,
                    -0.18194001885744887,
                    0.22490369172890604,
                    1.5018593887308802
                ],
                [
                    0.22687853156600676,
                    -0.010161843087343454,
                    -0.9738700472134465,
                    -1.8643125337560171
                ],
                [
                    0.17947137077983252,
                    0.9832571212471432,
                    0.03155092054423337,
                    -1.3190046565112388
                ],
                [
                    0.0,
                    0.0,
                    0.0,
                    1.0
                ]
            ],
            "colmap_im_id": 15
        },
        {
            "file_path": "images/frame_00016.jpg",
            "transform_matrix": [
                [
                    0.9573348206214694,
                    -0.15968513967944917,
                    0.2408540998015478,
                    1.43657812727728
                ],
                [
                    0.24255639641885732,
                    -0.009041020234456546,
                    -0.9700951780672958,
                    -1.780618058232974
                ],
                [
                    0.15708735080189382,
                    0.9871265957913783,
                    0.030077368557900563,
                    -1.200270220190696
                ],
                [
                    0.0,
                    0.0,
                    0.0,
                    1.0
                ]
            ],
            "colmap_im_id": 16
        },
        {
            "file_path": "images/frame_00017.jpg",
            "transform_matrix": [
                [
                    0.953762975471778,
                    -0.16050090918601878,
                    0.2541173838399927,
                    1.418877754128175
                ],
                [
                    0.2561209625309052,
                    -0.008431088966356325,
                    -0.966607970839825,
                    -1.754235228373911
                ],
                [
                    0.15728394441729732,
                    0.9869996833278635,
                    0.03306638684878922,
                    -1.1709566411643144
                ],
                [
                    0.0,
                    0.0,
                    0.0,
                    1.0
                ]
            ],
            "colmap_im_id": 17
        },
        {
            "file_path": "images/frame_00018.jpg",
            "transform_matrix": [
                [
                    0.896579822044757,
                    -0.24966662571799442,
                    0.3658021305361447,
                    1.7103729665780336
                ],
                [
                    0.3697783543358021,
                    -0.032561364820225466,
                    -0.9285492588903135,
                    -1.6024433482347293
                ],
                [
                    0.2437387769044921,
                    0.9677842391378542,
                    0.0631274513145205,
                    -1.0705030029344826
                ],
                [
                    0.0,
                    0.0,
                    0.0,
                    1.0
                ]
            ],
            "colmap_im_id": 18
        },
        {
            "file_path": "images/frame_00019.jpg",
            "transform_matrix": [
                [
                    0.8501063372533683,
                    -0.2887797286240478,
                    0.4403697125115258,
                    1.9662831172311588
                ],
                [
                    0.446184420769594,
                    -0.049189630327708955,
                    -0.8935881841937734,
                    -1.4558971547397785
                ],
                [
                    0.27971177669909497,
                    0.9561310833792848,
                    0.08703259947738541,
                    -0.9567138286320136
                ],
                [
                    0.0,
                    0.0,
                    0.0,
                    1.0
                ]
            ],
            "colmap_im_id": 19
        },
        {
            "file_path": "images/frame_00020.jpg",
            "transform_matrix": [
                [
                    0.8150282931739087,
                    -0.3196197239932059,
                    0.4832929891489551,
                    2.107521853995975
                ],
                [
                    0.49212248206174786,
                    -0.05843341225086698,
                    -0.8685626051023062,
                    -1.371946524815365
                ],
                [
                    0.3058501985865137,
                    0.9457424429342416,
                    0.10966716763627583,
                    -0.8909454711965202
                ],
                [
                    0.0,
                    0.0,
                    0.0,
                    1.0
                ]
            ],
            "colmap_im_id": 20
        },
        {
            "file_path": "images/frame_00021.jpg",
            "transform_matrix": [
                [
                    0.7722180499210263,
                    -0.3518315512727233,
                    0.5290499436775291,
                    2.2822485107482438
                ],
                [
                    0.5376612929464432,
                    -0.08179616712856107,
                    -0.8391839614233791,
                    -1.3114694050723397
                ],
                [
                    0.33852565256317957,
                    0.9324826789662668,
                    0.12600173008561336,
                    -0.8273301094271152
                ],
                [
                    0.0,
                    0.0,
                    0.0,
                    1.0
                ]
            ],
            "colmap_im_id": 21
        },
        {
            "file_path": "images/frame_00022.jpg",
            "transform_matrix": [
                [
                    0.7379131209951574,
                    -0.3866707895922224,
                    0.5531454838822367,
                    2.396554918065086
                ],
                [
                    0.5681034571298954,
                    -0.08657963863825319,
                    -0.8183901442284912,
                    -1.1361681896094082
                ],
                [
                    0.36433869937222924,
                    0.9181446872086102,
                    0.15578076097630147,
                    -0.7524578488968788
                ],
                [
                    0.0,
                    0.0,
                    0.0,
                    1.0
                ]
            ],
            "colmap_im_id": 22
        },
        {
            "file_path": "images/frame_00023.jpg",
            "transform_matrix": [
                [
                    0.7071574906220357,
                    -0.4019998593540449,
                    0.5816565967445685,
                    2.470385685208966
                ],
                [
                    0.5947660286276045,
                    -0.10663622624904495,
                    -0.7967948835440086,
                    -1.1015586574901644
                ],
                [
                    0.38233709556841733,
                    0.9094090544582735,
                    0.1636872536931825,
                    -0.7103573873021332
                ],
                [
                    0.0,
                    0.0,
                    0.0,
                    1.0
                ]
            ],
            "colmap_im_id": 23
        },
        {
            "file_path": "images/frame_00024.jpg",
            "transform_matrix": [
                [
                    0.6603743862382325,
                    -0.4203279587498455,
                    0.6222781348349514,
                    2.6946626719538314
                ],
                [
                    0.630630100871809,
                    -0.13947426380902794,
                    -0.7634478407915903,
                    -1.007316086039444
                ],
                [
                    0.4076902572724661,
                    0.896588722228937,
                    0.17296623166674052,
                    -0.6132097575917967
                ],
                [
                    0.0,
                    0.0,
                    0.0,
                    1.0
                ]
            ],
            "colmap_im_id": 24
        },
        {
            "file_path": "images/frame_00025.jpg",
            "transform_matrix": [
                [
                    0.6086078471593445,
                    -0.441769530590433,
                    0.6591177210620092,
                    2.908405251443293
                ],
                [
                    0.659287275897022,
                    -0.18067514522635886,
                    -0.7298607947668638,
                    -0.8968622657041988
                ],
                [
                    0.44151645067466305,
                    0.8787469338434944,
                    0.18129271922585646,
                    -0.5152695709464229
                ],
                [
                    0.0,
                    0.0,
                    0.0,
                    1.0
                ]
            ],
            "colmap_im_id": 25
        },
        {
            "file_path": "images/frame_00026.jpg",
            "transform_matrix": [
                [
                    0.5748763942294121,
                    -0.4533891503382543,
                    0.6811427234532753,
                    3.0973065274669347
                ],
                [
                    0.6815745494139125,
                    -0.19526450267870846,
                    -0.7052147953530603,
                    -0.8140647264315165
                ],
                [
                    0.45273973201941464,
                    0.8696608835340317,
                    0.19676555263001716,
                    -0.45443090471810543
                ],
                [
                    0.0,
                    0.0,
                    0.0,
                    1.0
                ]
            ],
            "colmap_im_id": 26
        },
        {
            "file_path": "images/frame_00027.jpg",
            "transform_matrix": [
                [
                    0.5318839316234345,
                    -0.4773099071058908,
                    0.6994817623493575,
                    3.305051360036033
                ],
                [
                    0.7012997101277111,
                    -0.21469406104446304,
                    -0.6797684728839845,
                    -0.7067856582663272
                ],
                [
                    0.4746348068310894,
                    0.852104285126417,
                    0.22054497820991556,
                    -0.3879107724872519
                ],
                [
                    0.0,
                    0.0,
                    0.0,
                    1.0
                ]
            ],
            "colmap_im_id": 27
        },
        {
            "file_path": "images/frame_00028.jpg",
            "transform_matrix": [
                [
                    0.4926721683587689,
                    -0.49778585745414095,
                    0.7137810411066646,
                    3.2117643545437633
                ],
                [
                    0.7166372574510614,
                    -0.23322713199721334,
                    -0.6572945657263382,
                    -0.4499396835806307
                ],
                [
                    0.49366504409132483,
                    0.835352826666074,
                    0.2418273748426967,
                    -0.28355145690825034
                ],
                [
                    0.0,
                    0.0,
                    0.0,
                    1.0
                ]
            ],
            "colmap_im_id": 28
        },
        {
            "file_path": "images/frame_00029.jpg",
            "transform_matrix": [
                [
                    0.4787068854580772,
                    -0.49871947609594514,
                    0.7225777480504177,
                    3.2410588991875655
                ],
                [
                    0.7232245052829939,
                    -0.24262191853497028,
                    -0.6465917719895443,
                    -0.42954545706454617
                ],
                [
                    0.49778110929724506,
                    0.8321138676941972,
                    0.24454136340874494,
                    -0.25718500589389953
                ],
                [
                    0.0,
                    0.0,
                    0.0,
                    1.0
                ]
            ],
            "colmap_im_id": 29
        },
        {
            "file_path": "images/frame_00030.jpg",
            "transform_matrix": [
                [
                    0.45066263818365904,
                    -0.5081183744347737,
                    0.7339747298831938,
                    3.356446092673901
                ],
                [
                    0.7350572599611873,
                    -0.25533210086001323,
                    -0.6280894385744463,
                    -0.31091919878813296
                ],
                [
                    0.5065510942873339,
                    0.8225698972319465,
                    0.2584274618614078,
                    -0.15427054058117723
                ],
                [
                    0.0,
                    0.0,
                    0.0,
                    1.0
                ]
            ],
            "colmap_im_id": 30
        },
        {
            "file_path": "images/frame_00031.jpg",
            "transform_matrix": [
                [
                    0.41762303375309034,
                    -0.5100234207603479,
                    0.7519754729742041,
                    3.4730463606422113
                ],
                [
                    0.7511715129792492,
                    -0.2718262132446625,
                    -0.6015412437078046,
                    -0.20464852504291542
                ],
                [
                    0.5112067681157305,
                    0.8160800328821803,
                    0.2695941767985524,
                    -0.05657106788596915
                ],
                [
                    0.0,
                    0.0,
                    0.0,
                    1.0
                ]
            ],
            "colmap_im_id": 31
        },
        {
            "file_path": "images/frame_00032.jpg",
            "transform_matrix": [
                [
                    0.3738027838161557,
                    -0.5163276851880771,
                    0.7705045102526104,
                    3.5842100517454387
                ],
                [
                    0.7673206118092962,
                    -0.29452678031417834,
                    -0.5696253631733507,
                    -0.05030056334455528
                ],
                [
                    0.5210475578139679,
                    0.8041515386953418,
                    0.2860939449027436,
                    0.04671652373694283
                ],
                [
                    0.0,
                    0.0,
                    0.0,
                    1.0
                ]
            ],
            "colmap_im_id": 32
        },
        {
            "file_path": "images/frame_00033.jpg",
            "transform_matrix": [
                [
                    0.3150204089183606,
                    -0.523572531411421,
                    0.7916021389033413,
                    3.671177371344826
                ],
                [
                    0.7907143241287126,
                    -0.3165147160379006,
                    -0.5240126831949012,
                    0.12432568338875535
                ],
                [
                    0.5249123732420312,
                    0.7910058399802645,
                    0.314287705032403,
                    0.1821571363467483
                ],
                [
                    0.0,
                    0.0,
                    0.0,
                    1.0
                ]
            ],
            "colmap_im_id": 33
        },
        {
            "file_path": "images/frame_00034.jpg",
            "transform_matrix": [
                [
                    0.2821145729473046,
                    -0.531540754634603,
                    0.7986712677273655,
                    3.7231196569358267
                ],
                [
                    0.7974399716996872,
                    -0.3329161661797801,
                    -0.5032457827262533,
                    0.284954245585978
                ],
                [
                    0.5333862196067334,
                    0.7788653622152124,
                    0.32995134228398554,
                    0.3026334214446074
                ],
                [
                    0.0,
                    0.0,
                    0.0,
                    1.0
                ]
            ],
            "colmap_im_id": 34
        },
        {
            "file_path": "images/frame_00035.jpg",
            "transform_matrix": [
                [
                    0.23664877507298693,
                    -0.5460968208474819,
                    0.8036016547498687,
                    3.7885592618495014
                ],
                [
                    0.8077376329133652,
                    -0.34907579413523326,
                    -0.4750852621628765,
                    0.450482954892651
                ],
                [
                    0.5399604370988371,
                    0.7615276437589966,
                    0.3584945943231265,
                    0.4219508859333086
                ],
                [
                    0.0,
                    0.0,
                    0.0,
                    1.0
                ]
            ],
            "colmap_im_id": 35
        },
        {
            "file_path": "images/frame_00036.jpg",
            "transform_matrix": [
                [
                    0.163731778835987,
                    -0.5512310014948548,
                    0.8181297498503411,
                    3.7194737271797784
                ],
                [
                    0.8126525432018996,
                    -0.3947975489064078,
                    -0.428638238384044,
                    0.6018776581613267
                ],
                [
                    0.5592743053517543,
                    0.7350369231327578,
                    0.3833183702939905,
                    0.6036259115808484
                ],
                [
                    0.0,
                    0.0,
                    0.0,
                    1.0
                ]
            ],
            "colmap_im_id": 36
        },
        {
            "file_path": "images/frame_00037.jpg",
            "transform_matrix": [
                [
                    0.15617730752146067,
                    -0.5506481966664968,
                    0.8199970805577789,
                    3.6997166248823277
                ],
                [
                    0.811024143281719,
                    -0.40236556496547937,
                    -0.4246666824041684,
                    0.6332896677230959
                ],
                [
                    0.5637805314388735,
                    0.7313607288048389,
                    0.38374861137541016,
                    0.6350965105777545
                ],
                [
                    0.0,
                    0.0,
                    0.0,
                    1.0
                ]
            ],
            "colmap_im_id": 37
        },
        {
            "file_path": "images/frame_00038.jpg",
            "transform_matrix": [
                [
                    0.129071872634057,
                    -0.5561217280867871,
                    0.821017098022023,
                    3.701880144963457
                ],
                [
                    0.8146347169161346,
                    -0.41262741268361575,
                    -0.4075645915643244,
                    0.760886056244842
                ],
                [
                    0.5654296858935756,
                    0.7214341562830187,
                    0.399777473675671,
                    0.7312606090659964
                ],
                [
                    0.0,
                    0.0,
                    0.0,
                    1.0
                ]
            ],
            "colmap_im_id": 38
        },
        {
            "file_path": "images/frame_00039.jpg",
            "transform_matrix": [
                [
                    0.07053141752245676,
                    -0.5545949676471401,
                    0.8291258897192507,
                    3.726327367357503
                ],
                [
                    0.8249152671157963,
                    -0.4349017479186012,
                    -0.3610751607859768,
                    0.9122787905459205
                ],
                [
                    0.5608387657977522,
                    0.7094257477127629,
                    0.42681961911402455,
                    0.8526369972392844
                ],
                [
                    0.0,
                    0.0,
                    0.0,
                    1.0
                ]
            ],
            "colmap_im_id": 39
        },
        {
            "file_path": "images/frame_00040.jpg",
            "transform_matrix": [
                [
                    0.019623510338332935,
                    -0.5615166926705153,
                    0.8272326889662713,
                    3.743117416202923
                ],
                [
                    0.8307237355622096,
                    -0.45124181973111416,
                    -0.32600444061288714,
                    1.070467741424699
                ],
                [
                    0.5563389191990529,
                    0.6935991810679412,
                    0.45761029600120573,
                    0.9674762925777842
                ],
                [
                    0.0,
                    0.0,
                    0.0,
                    1.0
                ]
            ],
            "colmap_im_id": 40
        },
        {
            "file_path": "images/frame_00041.jpg",
            "transform_matrix": [
                [
                    -0.03875382598716794,
                    -0.5635049404066708,
                    0.8252032011017816,
                    3.777188479152454
                ],
                [
                    0.8279261421482811,
                    -0.48050025626467824,
                    -0.2892365932537588,
                    1.2480268434493071
                ],
                [
                    0.5594965988447266,
                    0.6719982781725352,
                    0.48516169471046466,
                    1.10561094990882
                ],
                [
                    0.0,
                    0.0,
                    0.0,
                    1.0
                ]
            ],
            "colmap_im_id": 41
        },
        {
            "file_path": "images/frame_00042.jpg",
            "transform_matrix": [
                [
                    -0.09660328887155115,
                    -0.5531615829643802,
                    0.8274539671253869,
                    3.6369081903502383
                ],
                [
                    0.8190187268418315,
                    -0.5165749134847155,
                    -0.24971720773836134,
                    1.4745321508982379
                ],
                [
                    0.5655759274063782,
                    0.6535767911199112,
                    0.5029525310084594,
                    1.2712675214568854
                ],
                [
                    0.0,
                    0.0,
                    0.0,
                    1.0
                ]
            ],
            "colmap_im_id": 42
        },
        {
            "file_path": "images/frame_00043.jpg",
            "transform_matrix": [
                [
                    -0.10575461207522387,
                    -0.5536246167037168,
                    0.8260240588532999,
                    3.6300904688785867
                ],
                [
                    0.8197509805742145,
                    -0.5187420801967685,
                    -0.24272409044168275,
                    1.5010811293625463
                ],
                [
                    0.5628714701176737,
                    0.6514648401969146,
                    0.5086936898712001,
                    1.2929990325729934
                ],
                [
                    0.0,
                    0.0,
                    0.0,
                    1.0
                ]
            ],
            "colmap_im_id": 43
        },
        {
            "file_path": "images/frame_00044.jpg",
            "transform_matrix": [
                [
                    -0.1401288033118539,
                    -0.5530351838122668,
                    0.8212892328212519,
                    3.576166476437077
                ],
                [
                    0.8122695273120198,
                    -0.5385362510744106,
                    -0.22404669441664896,
                    1.6162416838963598
                ],
                [
                    0.566199729320578,
                    0.635712821755588,
                    0.524678067745215,
                    1.3854613163782754
                ],
                [
                    0.0,
                    0.0,
                    0.0,
                    1.0
                ]
            ],
            "colmap_im_id": 44
        },
        {
            "file_path": "images/frame_00045.jpg",
            "transform_matrix": [
                [
                    -0.20130706661091413,
                    -0.5508613180035478,
                    0.8099551057064222,
                    3.463430119220101
                ],
                [
                    0.798476263721006,
                    -0.5712400313979286,
                    -0.19005389446847706,
                    1.7360020072066173
                ],
                [
                    0.5673721188132616,
                    0.6084707345927883,
                    0.5548443420793461,
                    1.46944558350583
                ],
                [
                    0.0,
                    0.0,
                    0.0,
