{
    "w": 3072,
    "h": 4096,
    "fl_x": 3058.413376808695,
    "fl_y": 3065.196699000614,
    "cx": 1535.9036277572297,
    "cy": 1997.380127025281,
    "k1": 0.038872221304117105,
    "k2": -0.04234388405219,
    "p1": -0.0029205988685935312,
    "p2": -0.000757962949214988,
    "camera_model": "OPENCV",
    "frames": [
        {
            "file_path": "images/frame_00001.jpg",
            "transform_matrix": [
                [
                    0.9986316458058514,
                    -0.02105760486831413,
                    -0.047868708696874276,
                    -0.15113174204392613
                ],
                [
                    -0.052266635546639496,
                    -0.4323823150709651,
                    -0.9001742789163149,
                    -0.6723745177583322
                ],
                [
                    -0.00174206880777279,
                    0.9014444580178429,
                    -0.43289127307579944,
                    -3.1773903869846345
                ],
                [
                    0.0,
                    0.0,
                    0.0,
                    1.0
                ]
            ],
            "colmap_im_id": 1
        },
        {
            "file_path": "images/frame_00002.jpg",
            "transform_matrix": [
                [
                    0.9983366149156225,
                    -0.022280194596580875,
                    -0.053175146897349077,
                    -0.17148415743275716
                ],
                [
                    -0.05705434185625671,
                    -0.24909263877504034,
                    -0.9667976310394211,
                    -1.1105573105546631
                ],
                [
                    0.008294901697160616,
                    0.9682233472896765,
                    -0.24994948363421096,
                    -2.7727061735433196
                ],
                [
                    0.0,
                    0.0,
                    0.0,
                    1.0
                ]
            ],
            "colmap_im_id": 2
        },
        {
            "file_path": "images/frame_00003.jpg",
            "transform_matrix": [
                [
                    0.9967247319741208,
                    0.009460476243611803,
                    -0.0803138098981805,
                    -0.3190641441082644
                ],
                [
                    -0.07797214315407607,
                    -0.1510119440302642,
                    -0.9854520473631179,
                    -1.9090499651358062
                ],
                [
                    -0.021451190248498703,
                    0.9884866676639825,
                    -0.14977968583048334,
                    -1.9549877035358056
                ],
                [
                    0.0,
                    0.0,
                    0.0,
                    1.0
                ]
            ],
            "colmap_im_id": 3
        },
        {
            "file_path": "images/frame_00004.jpg",
            "transform_matrix": [
                [
                    0.9970635940847609,
                    0.0300801939795851,
                    -0.07042280369972384,
                    -0.3935751625830975
                ],
                [
                    -0.06700488988331564,
                    -0.10253817728244406,
                    -0.9924697813693468,
                    -3.1083388759271164
                ],
                [
                    -0.037074709472955394,
                    0.9942741594398121,
                    -0.10022156348686317,
                    -1.0658256491878089
                ],
                [
                    0.0,
                    0.0,
                    0.0,
                    1.0
                ]
            ],
            "colmap_im_id": 4
        },
        {
            "file_path": "images/frame_00005.jpg",
            "transform_matrix": [
                [
                    0.9942168939594539,
                    0.04577544807988037,
                    -0.09714615853805975,
                    -0.4681255672734351
                ],
                [
                    -0.09441470776664254,
                    -0.05847128689084421,
                    -0.9938143546793172,
                    -3.6570584576083855
                ],
                [
                    -0.051172558299885235,
                    0.9972390470506128,
                    -0.05381126568507825,
                    -0.6694670333476188
                ],
                [
                    0.0,
                    0.0,
                    0.0,
                    1.0
                ]
            ],
            "colmap_im_id": 5
        },
        {
            "file_path": "images/frame_00006.jpg",
            "transform_matrix": [
                [
                    0.830961539853444,
                    0.20575143559800924,
                    -0.51688419015651,
                    -1.970347877219663
                ],
                [
                    -0.39146540298697674,
                    -0.44391196494039703,
                    -0.8060378438057355,
                    0.14994735136138895
                ],
                [
                    -0.3952945200083564,
                    0.8721287256661792,
                    -0.2883292012947166,
                    -2.552688837381533
                ],
                [
                    0.0,
                    0.0,
                    0.0,
                    1.0
                ]
            ],
            "colmap_im_id": 6
        },
        {
            "file_path": "images/frame_00007.jpg",
            "transform_matrix": [
                [
                    0.8275267851054336,
                    0.25952274400609754,
                    -0.4978427113824317,
                    -2.0389229250536633
                ],
                [
                    -0.4276270309257261,
                    -0.2832056438630883,
                    -0.8584460878271515,
                    -0.18576000298609727
                ],
                [
                    -0.36377814991380897,
                    0.9232781317824219,
                    -0.1233813155127111,
                    -2.1175719247000884
                ],
                [
                    0.0,
                    0.0,
                    0.0,
                    1.0
                ]
            ],
            "colmap_im_id": 7
        },
        {
            "file_path": "images/frame_00008.jpg",
            "transform_matrix": [
                [
                    0.8193337610672767,
                    0.3208164529547494,
                    -0.47515154581342145,
                    -2.1111868670823926
                ],
                [
                    -0.41040352321976675,
                    -0.250504060700408,
                    -0.8768219110523007,
                    -1.1464220798669529
                ],
                [
                    -0.40032628705114204,
                    0.9134136626338253,
                    -0.07358223161679293,
                    -1.3908549697304697
                ],
                [
                    0.0,
                    0.0,
                    0.0,
                    1.0
                ]
            ],
            "colmap_im_id": 8
        },
        {
            "file_path": "images/frame_00009.jpg",
            "transform_matrix": [
                [
                    0.8049216920218073,
                    0.3884963967950133,
                    -0.4485215930031045,
                    -2.256730570101829
                ],
                [
                    -0.4100457539326388,
                    -0.18219257735009908,
                    -0.8936824628694141,
                    -2.487765924928991
                ],
                [
                    -0.42890972173006847,
                    0.903258774901091,
                    0.012650540289469034,
                    -0.5037570122637877
                ],
                [
                    0.0,
                    0.0,
                    0.0,
                    1.0
                ]
            ],
            "colmap_im_id": 9
        },
        {
            "file_path": "images/frame_00010.jpg",
            "transform_matrix": [
                [
                    0.7926595436390627,
                    0.4162348468169804,
                    -0.44546537483081405,
                    -2.2451228244775248
                ],
                [
                    -0.4094261457422021,
                    -0.17796404768779545,
                    -0.8948178747171187,
                    -2.9812588014262116
                ],
                [
                    -0.45173120222162844,
                    0.8916710996919328,
                    0.029352528231503867,
                    -0.164409383028487
                ],
                [
                    0.0,
                    0.0,
                    0.0,
                    1.0
                ]
            ],
            "colmap_im_id": 10
        },
        {
            "file_path": "images/frame_00011.jpg",
            "transform_matrix": [
                [
                    0.4289229235794557,
                    0.4305607760191604,
                    -0.7941300547025217,
                    -3.007625062054752
                ],
                [
                    -0.596481224322086,
                    -0.5252121809533823,
                    -0.6069285905355066,
                    1.1691492749861363
                ],
                [
                    -0.6784064229201233,
                    0.7340092527563735,
                    0.03154587467090956,
                    -1.4127636959475565
                ],
                [
                    0.0,
                    0.0,
                    0.0,
                    1.0
                ]
            ],
            "colmap_im_id": 11
        },
        {
            "file_path": "images/frame_00012.jpg",
            "transform_matrix": [
                [
                    0.4401416088767485,
                    0.46145073090731126,
                    -0.770284744156663,
                    -3.085986128306944
                ],
                [
                    -0.6194892319094696,
                    -0.4649398652478962,
                    -0.632506136927922,
                    0.829417352371854
                ],
                [
                    -0.6500065043394585,
                    0.7555753732410664,
                    0.08122437853268605,
                    -0.9921739510068014
                ],
                [
                    0.0,
                    0.0,
                    0.0,
                    1.0
                ]
            ],
            "colmap_im_id": 12
        },
        {
            "file_path": "images/frame_00013.jpg",
            "transform_matrix": [
                [
                    0.41499077361297204,
                    0.5345056569274248,
                    -0.7362651428179171,
                    -3.1903703027402637
                ],
                [
                    -0.6103576410308847,
                    -0.4365710127581359,
                    -0.6609608920764892,
                    0.14309114590790029
                ],
                [
                    -0.6747193548812125,
                    0.7236777276743545,
                    0.1450666695583894,
                    -0.2617504177201791
                ],
                [
                    0.0,
                    0.0,
                    0.0,
                    1.0
                ]
            ],
            "colmap_im_id": 13
        },
        {
            "file_path": "images/frame_00014.jpg",
            "transform_matrix": [
                [
                    0.3893351202849455,
                    0.6228520613159774,
                    -0.678581958076653,
                    -3.3297687710886437
                ],
                [
                    -0.6152920438245661,
                    -0.3723669940465727,
                    -0.6948082631567556,
                    -1.0283325610605294
                ],
                [
                    -0.6854442828698,
                    0.6880393385985698,
                    0.2382603693901862,
                    0.596257871712769
                ],
                [
                    0.0,
                    0.0,
                    0.0,
                    1.0
                ]
            ],
            "colmap_im_id": 14
        },
        {
            "file_path": "images/frame_00015.jpg",
            "transform_matrix": [
                [
                    0.3667600065310386,
                    0.6664891183057561,
                    -0.6490603614374914,
                    -3.4768564422810133
                ],
                [
                    -0.6101147523669769,
                    -0.3543758963806085,
                    -0.7086449837602903,
                    -1.602372694547229
                ],
                [
                    -0.7023155178077255,
                    0.6559039405617679,
                    0.2766639372994074,
                    1.046175800336234
                ],
                [
                    0.0,
                    0.0,
                    0.0,
                    1.0
                ]
            ],
            "colmap_im_id": 15
        },
        {
            "file_path": "images/frame_00016.jpg",
            "transform_matrix": [
                [
                    -0.07899022375117118,
                    0.3779985552513998,
                    -0.9224302883034545,
                    -3.0860136176915427
                ],
                [
                    -0.6766036437081532,
                    -0.6998787524833352,
                    -0.2288607461825226,
                    2.3294546391106765
                ],
                [
                    -0.7320983908414158,
                    0.6060419325840622,
                    0.31103877905686395,
                    -0.2152393920560817
                ],
                [
                    0.0,
                    0.0,
                    0.0,
                    1.0
                ]
            ],
            "colmap_im_id": 16
        },
        {
            "file_path": "images/frame_00017.jpg",
            "transform_matrix": [
                [
                    -0.08862786740820347,
                    0.5069153105935217,
                    -0.857427529884915,
                    -3.0355268381282703
                ],
                [
                    -0.6467336190091642,
                    -0.683971719000254,
                    -0.3375178716025953,
                    1.967748947489545
                ],
                [
                    -0.7575491582478213,
                    0.5246137202682658,
                    0.38845812817381864,
                    0.0751570160570718
                ],
                [
                    0.0,
                    0.0,
                    0.0,
                    1.0
                ]
            ],
            "colmap_im_id": 17
        },
        {
            "file_path": "images/frame_00018.jpg",
            "transform_matrix": [
                [
                    -0.11335092768470262,
                    0.6177998177351374,
                    -0.7781227103737862,
                    -3.080809851394837
                ],
                [
                    -0.6460525745674841,
                    -0.6408255003619584,
                    -0.41467909156427263,
                    1.3627761119127586
                ],
                [
                    -0.7548295424052649,
                    0.45570392064615395,
                    0.4717693277651503,
                    0.6727272726467844
                ],
                [
                    0.0,
                    0.0,
                    0.0,
                    1.0
                ]
            ],
            "colmap_im_id": 18
        },
        {
            "file_path": "images/frame_00019.jpg",
            "transform_matrix": [
                [
                    -0.15773064477969884,
                    0.6882017642459474,
                    -0.7081662060463966,
                    -3.3829919319079162
                ],
                [
                    -0.6367970974318643,
                    -0.6189956711128843,
                    -0.4597105783488819,
                    0.1977187956603691
                ],
                [
                    -0.7547254470333798,
                    0.37844773857466274,
                    0.5358794722397843,
                    1.7488868079646849
                ],
                [
                    0.0,
                    0.0,
                    0.0,
                    1.0
                ]
            ],
            "colmap_im_id": 19
        },
        {
            "file_path": "images/frame_00020.jpg",
            "transform_matrix": [
                [
                    -0.18098999486957898,
                    0.7104570282394658,
                    -0.6800686971051211,
                    -3.4832406687284094
                ],
                [
                    -0.6416061523887867,
                    -0.6093689824035039,
                    -0.4658443822795063,
                    -0.40936484853819005
                ],
                [
                    -0.7453751853757721,
                    0.3520230877508821,
                    0.5661232893251863,
                    2.2641662453974267
                ],
                [
                    0.0,
                    0.0,
                    0.0,
                    1.0
                ]
            ],
            "colmap_im_id": 20
        },
        {
            "file_path": "images/frame_00021.jpg",
            "transform_matrix": [
                [
                    -0.578860890993824,
                    0.3208285813427674,
                    -0.7496593161372868,
                    -3.202786436335667
                ],
                [
                    -0.5284587465926265,
                    -0.8477522803407566,
                    0.04524847319852993,
                    3.604611569040166
                ],
                [
                    -0.6210083912698663,
                    0.42235659408920667,
                    0.6602753103075852,
                    1.2630639864959061
                ],
                [
                    0.0,
                    0.0,
                    0.0,
                    1.0
                ]
            ],
            "colmap_im_id": 21
        },
        {
            "file_path": "images/frame_00022.jpg",
            "transform_matrix": [
                [
                    -0.5670345861952978,
                    0.4149929846151516,
                    -0.7115143011763957,
                    -3.2181909865249385
                ],
                [
                    -0.5221570861645334,
                    -0.84916837873438,
                    -0.07915201782511896,
                    2.928373839184046
                ],
                [
                    -0.637042977691843,
                    0.32664030259267246,
                    0.6981993678711521,
                    1.7812018303344943
                ],
                [
                    0.0,
                    0.0,
                    0.0,
                    1.0
                ]
            ],
            "colmap_im_id": 22
        },
        {
            "file_path": "images/frame_00023.jpg",
            "transform_matrix": [
                [
                    -0.5903201565061486,
                    0.4300221866035872,
                    -0.6830834735603165,
                    -3.256667271258499
                ],
                [
                    -0.5131212244980574,
                    -0.8531895913961682,
                    -0.09367032669343514,
                    2.356179792491224
                ],
                [
                    -0.6230800284009849,
                    0.29520914647400437,
                    0.7243085240737669,
                    2.3994057937764244
                ],
                [
                    0.0,
                    0.0,
                    0.0,
                    1.0
                ]
            ],
            "colmap_im_id": 23
        },
        {
            "file_path": "images/frame_00024.jpg",
            "transform_matrix": [
                [
                    -0.6245295649202868,
                    0.47627892930758464,
                    -0.6189678538002581,
                    -3.308152599416968
                ],
                [
                    -0.48920504360765726,
                    -0.8563534027633228,
                    -0.1653398768733915,
                    1.4076674567221246
                ],
                [
                    -0.6088031273320688,
                    0.19954255454238046,
                    0.7678160724271106,
                    3.375139968472515
                ],
                [
                    0.0,
                    0.0,
                    0.0,
                    1.0
                ]
            ],
            "colmap_im_id": 24
        },
        {
            "file_path": "images/frame_00025.jpg",
            "transform_matrix": [
                [
                    -0.6256109453495006,
                    0.5022639295464166,
                    -0.596943791437265,
                    -3.5156356039619805
                ],
                [
                    -0.48785145794471013,
                    -0.8489831343195371,
                    -0.20304825195552792,
                    0.879718365729146
                ],
                [
                    -0.6087790239817116,
                    0.16419069010625104,
                    0.7761633315496861,
                    4.0115832062908865
                ],
                [
                    0.0,
                    0.0,
                    0.0,
                    1.0
                ]
            ],
            "colmap_im_id": 25
        },
        {
            "file_path": "images/frame_00026.jpg",
            "transform_matrix": [
                [
                    -0.8499025104934607,
                    0.13015584115307363,
                    -0.5106125533813756,
                    -2.5811949172194324
                ],
                [
                    -0.3072081943157425,
                    -0.9096837955061703,
                    0.27946111990534356,
                    4.937324761683372
                ],
                [
                    -0.4281224684622067,
                    0.3943790679121092,
                    0.8131274824961967,
                    2.592498044801435
                ],
                [
                    0.0,
                    0.0,
                    0.0,
                    1.0
                ]
            ],
            "colmap_im_id": 26
        },
        {
            "file_path": "images/frame_00027.jpg",
            "transform_matrix": [
                [
                    -0.856348462396729,
                    0.17667797925605983,
                    -0.4852341729482244,
                    -2.5233412695926942
                ],
                [
                    -0.31382239307754306,
                    -0.9242815875534122,
                    0.21729945354930028,
                    4.603539276348832
                ],
                [
                    -0.41010098336121575,
                    0.3383614022842106,
                    0.8469526225772162,
                    2.995459351680822
                ],
                [
                    0.0,
                    0.0,
                    0.0,
                    1.0
                ]
            ],
            "colmap_im_id": 27
        },
        {
            "file_path": "images/frame_00028.jpg",
            "transform_matrix": [
                [
                    -0.8675815769708043,
                    0.19552754484779403,
                    -0.4572430278381953,
                    -2.6074196188781356
                ],
                [
                    -0.3060004130502535,
                    -0.9346828105268701,
                    0.18091929393699802,
                    3.6896761342181135
                ],
                [
                    -0.3920024929945229,
                    0.29687880172114517,
                    0.870745096210535,
                    3.8332966909477384
                ],
                [
                    0.0,
                    0.0,
                    0.0,
                    1.0
                ]
            ],
            "colmap_im_id": 28
        },
        {
            "file_path": "images/frame_00029.jpg",
            "transform_matrix": [
                [
                    -0.8923669924361116,
                    0.20773060873112248,
                    -0.40066088529668287,
                    -2.7563810625953717
                ],
                [
                    -0.259479950990845,
                    -0.9625213161298093,
                    0.07888517623435962,
                    2.672988991760045
                ],
                [
                    -0.36925777695847245,
                    0.17435799434478247,
                    0.912824180203258,
                    5.002469072486848
                ],
                [
                    0.0,
                    0.0,
                    0.0,
                    1.0
                ]
            ],
            "colmap_im_id": 29
        },
        {
            "file_path": "images/frame_00030.jpg",
            "transform_matrix": [
                [
                    -0.888386181292459,
                    0.2102984652035897,
                    -0.40809869936280563,
                    -2.908795623485427
                ],
                [
                    -0.24858282889714417,
                    -0.9676786601128659,
                    0.04248044184869265,
                    2.0792074200098214
                ],
                [
                    -0.3859748308712528,
                    0.1391853666704295,
                    0.9119489369689099,
                    5.603483347195636
                ],
                [
                    0.0,
                    0.0,
                    0.0,
                    1.0
                ]
            ],
            "colmap_im_id": 30
        },
        {
            "file_path": "images/frame_00031.jpg",
            "transform_matrix": [
                [
                    -0.9992678862241905,
                    -0.025588354126081493,
                    -0.028441654209147262,
                    -0.02493370365552822
                ],
                [
                    0.017010351387919953,
                    -0.9630478181649824,
                    0.2687927600835345,
                    5.279147335568812
                ],
                [
                    -0.034268637362666554,
                    0.2681121706688903,
                    0.9627780244856655,
                    3.5568422486805646
                ],
                [
                    0.0,
                    0.0,
                    0.0,
                    1.0
                ]
            ],
            "colmap_im_id": 31
        },
        {
            "file_path": "images/frame_00032.jpg",
            "transform_matrix": [
                [
                    -0.9991289035897191,
                    -0.023793979315002368,
                    -0.03428236514539902,
                    -0.05719089790606293
                ],
                [
                    0.015477316905440939,
                    -0.9742150386124226,
                    0.22509000689236322,
                    4.538417205014113
                ],
                [
                    -0.03875418265186071,
                    0.22436333276574624,
                    0.9737346703477456,
                    4.124563609798524
                ],
                [
                    0.0,
                    0.0,
                    0.0,
                    1.0
                ]
            ],
            "colmap_im_id": 32
        },
        {
            "file_path": "images/frame_00033.jpg",
            "transform_matrix": [
                [
                    -0.9988923403858142,
                    -0.03913294910737732,
                    -0.026128616739263717,
                    -0.021127279835728697
                ],
                [
                    0.03452172896502924,
                    -0.9868059505692957,
                    0.1581842790870592,
                    3.8729592695979993
                ],
                [
                    -0.031974091821551046,
                    0.15710705972421304,
                    0.9870638425335003,
                    4.779995247457493
                ],
                [
                    0.0,
                    0.0,
                    0.0,
                    1.0
                ]
            ],
            "colmap_im_id": 33
        },
        {
            "file_path": "images/frame_00034.jpg",
            "transform_matrix": [
                [
                    -0.9979965860447424,
                    -0.06257966872953526,
                    -0.009305874743369896,
                    -0.1308245003085387
                ],
                [
                    0.06186971420780229,
                    -0.9960786843745316,
                    0.0632407542534567,
                    3.087382390210439
                ],
                [
                    -0.013226968922717358,
                    0.06253830503301913,
                    0.9979549126572372,
                    5.78417666386267
                ],
                [
                    0.0,
                    0.0,
                    0.0,
                    1.0
                ]
            ],
            "colmap_im_id": 34
        },
        {
            "file_path": "images/frame_00035.jpg",
            "transform_matrix": [
                [
                    -0.9958115477842354,
                    -0.09141265537729051,
                    -0.0017571956163672084,
                    -0.1811873088457913
                ],
                [
                    0.0914126013255932,
                    -0.9950731663235743,
                    -0.03838137545298109,
                    2.440559610692939
                ],
                [
                    0.0017600052413612533,
                    -0.03838124671824908,
                    0.9992616185373584,
                    6.218834396315973
                ],
                [
                    0.0,
                    0.0,
                    0.0,
                    1.0
                ]
            ],
            "colmap_im_id": 35
        },
        {
            "file_path": "images/frame_00036.jpg",
            "transform_matrix": [
                [
                    -0.8751094118509514,
                    -0.26683907068383866,
                    0.4037083447818062,
                    2.2942911226785805
                ],
                [
                    0.3540315468151102,
                    -0.9217613792918689,
                    0.1581696036084409,
                    4.5597210017643794
                ],
                [
                    0.3299169306804075,
                    0.28134119855175244,
                    0.9011115074439356,
                    3.2977763737935297
                ],
                [
                    0.0,
                    0.0,
                    0.0,
                    1.0
                ]
            ],
            "colmap_im_id": 36
        },
        {
            "file_path": "images/frame_00037.jpg",
            "transform_matrix": [
                [
                    -0.878521802257546,
                    -0.2921722160517623,
                    0.3779349667939631,
                    2.159896231073968
                ],
                [
                    0.34775654692325475,
                    -0.9335723197600925,
                    0.08664933842663138,
                    4.049363531278749
                ],
                [
                    0.32751309444076565,
                    0.20755269197281273,
                    0.9217684378544712,
                    3.686303005357353
                ],
                [
                    0.0,
                    0.0,
                    0.0,
                    1.0
                ]
            ],
            "colmap_im_id": 37
        },
        {
            "file_path": "images/frame_00038.jpg",
            "transform_matrix": [
                [
                    -0.8569587139033988,
                    -0.3420002869535803,
                    0.38556136526978335,
                    2.211308784074596
                ],
                [
                    0.3720853584339101,
                    -0.9281912084723447,
                    0.0036832802982806286,
                    3.20071028618279
                ],
                [
                    0.35661498665106495,
                    0.14661815794203636,
                    0.9226748436245261,
                    4.35127553974045
                ],
                [
                    0.0,
                    0.0,
                    0.0,
                    1.0
                ]
            ],
            "colmap_im_id": 38
        },
        {
            "file_path": "images/frame_00039.jpg",
            "transform_matrix": [
                [
                    -0.8465471900743881,
                    -0.38519288950015595,
                    0.3674020860796535,
                    2.2320337319770713
                ],
                [
                    0.3872852601506554,
                    -0.9191953205332093,
                    -0.07134486652794986,
                    2.547333111119513
                ],
                [
                    0.36519581356746084,
                    0.08189261620178279,
                    0.9273217441451641,
                    5.11986935354186
                ],
                [
                    0.0,
                    0.0,
                    0.0,
                    1.0
                ]
            ],
            "colmap_im_id": 39
        },
        {
            "file_path": "images/frame_00040.jpg",
            "transform_matrix": [
                [
                    -0.8200415889391988,
                    -0.4363673039040458,
                    0.37029092413072545,
                    2.2185375432087233
                ],
                [
                    0.42577311300236625,
                    -0.8975218998562337,
                    -0.11476800740071354,
                    1.8717850356989267
                ],
                [
                    0.3824252196892182,
                    0.0635453803353957,
                    0.9217987502615101,
                    5.608941124779746
                ],
                [
                    0.0,
                    0.0,
                    0.0,
                    1.0
                ]
            ],
            "colmap_im_id": 40
        },
        {
            "file_path": "images/frame_00041.jpg",
            "transform_matrix": [
                [
                    -0.576718909299758,
                    -0.4165825747438767,
                    0.7027476489294431,
                    3.0474966746913483
                ],
                [
                    0.5864240577613692,
                    -0.8100034744145902,
                    0.0010935789786417475,
                    3.5493059341974513
                ],
                [
                    0.5687724713229253,
                    0.4127388155432618,
                    0.71143836416738,
                    1.568260315942336
                ],
                [
                    0.0,
                    0.0,
                    0.0,
                    1.0
                ]
            ],
            "colmap_im_id": 41
        },
        {
            "file_path": "images/frame_00042.jpg",
            "transform_matrix": [
                [
                    -0.5668170890247174,
                    -0.47400198880347666,
                    0.6738252757205623,
                    2.94086318130196
                ],
                [
                    0.5846536704563496,
                    -0.807681711116835,
                    -0.07635665753094632,
                    2.9673325759490967
                ],
                [
                    0.5804295592158116,
                    0.3506741623469417,
                    0.7349347989113105,
                    1.7498078699625086
                ],
                [
                    0.0,
                    0.0,
                    0.0,
                    1.0
                ]
            ],
            "colmap_im_id": 42
        },
        {
            "file_path": "images/frame_00044.jpg",
            "transform_matrix": [
                [
                    -0.5619832199116944,
                    -0.5961450659671385,
                    0.5733985706824878,
                    2.858360055468013
                ],
                [
                    0.5912243542838667,
                    -0.7743173634934132,
                    -0.22558010438474935,
                    1.143053417852393
                ],
                [
                    0.5784709356910757,
                    0.2122349662888885,
                    0.7876088468554969,
                    3.281046942687584
                ],
                [
                    0.0,
                    0.0,
                    0.0,
                    1.0
                ]
            ],
            "colmap_im_id": 43
        },
        {
            "file_path": "images/frame_00043.jpg",
            "transform_matrix": [
                [
                    -0.5973380382341615,
                    -0.5206419849953939,
                    0.61001573056653,
                    2.780688388122647
                ],
                [
                    0.5698489572775224,
                    -0.8107560424227193,
                    -0.13396568801289924,
                    2.0470291577037294
                ],
                [
                    0.5643221012580331,
                    0.2675940267179093,
                    0.7809827161318054,
                    2.4444246752599574
                ],
                [
                    0.0,
                    0.0,
                    0.0,
                    1.0
                ]
            ],
            "colmap_im_id": 44
        },
        {
            "file_path": "images/frame_00045.jpg",
            "transform_matrix": [
                [
                    -0.5143223573283178,
                    -0.6643191118788386,
                    0.5423583965836181,
                    2.733117295408524
                ],
                [
                    0.6223699253861359,
                    -0.7242311975789815,
                    -0.2968919810775798,
                    0.4558703843046792
                ],
                [
                    0.5900238882681768,
                    0.1848493712345956,
                    0.7859405328821493,
                    3.9491999086719005
                ],
                [
                    0.0,
                    0.0,
                    0.0,
                    1.0
