{
    "w": 3072,
    "h": 4096,
    "fl_x": 3070.9645699988355,
    "fl_y": 3071.60354500011,
    "cx": 1551.6503272487653,
    "cy": 2035.4736589684117,
    "k1": 0.03567999168912373,
    "k2": -0.061666381942995445,
    "p1": -0.00048509187352153174,
    "p2": -0.0024984250448745883,
    "camera_model": "OPENCV",
    "frames": [
        {
            "file_path": "images/frame_00001.jpg",
            "transform_matrix": [
                [
                    -0.45191305056093545,
                    -0.6558226940778438,
                    0.6047075232417634,
                    3.6902274222981757
                ],
                [
                    0.45980596124172385,
                    -0.752136888192081,
                    -0.472089588348766,
                    -0.04900634565602687
                ],
                [
                    0.7644299004743883,
                    0.0647046779855342,
                    0.6414516598368927,
                    2.8169006957610256
                ],
                [
                    0.0,
                    0.0,
                    0.0,
                    1.0
                ]
            ],
            "colmap_im_id": 1
        },
        {
            "file_path": "images/frame_00002.jpg",
            "transform_matrix": [
                [
                    -0.4311209304751847,
                    -0.6656747847151361,
                    0.6091073996436643,
                    3.739384215728315
                ],
                [
                    0.4698087563791824,
                    -0.7419470035191743,
                    -0.47832455132301477,
                    -0.09491526069728591
                ],
                [
                    0.7703340027128854,
                    0.07994826429244474,
                    0.6326087252804604,
                    2.7699966532853497
                ],
                [
                    0.0,
                    0.0,
                    0.0,
                    1.0
                ]
            ],
            "colmap_im_id": 2
        },
        {
            "file_path": "images/frame_00003.jpg",
            "transform_matrix": [
                [
                    -0.4046811976158657,
                    -0.678108265085821,
                    0.6135163478820146,
                    3.7953657308929403
                ],
                [
                    0.4845981222220598,
                    -0.7279826862659248,
                    -0.484980276336988,
                    -0.19356070285571597
                ],
                [
                    0.7754984127869254,
                    0.10104647108803491,
                    0.6232108972455578,
                    2.6413756714224106
                ],
                [
                    0.0,
                    0.0,
                    0.0,
                    1.0
                ]
            ],
            "colmap_im_id": 3
        },
        {
            "file_path": "images/frame_00004.jpg",
            "transform_matrix": [
                [
                    -0.3572518296980029,
                    -0.6927774166069796,
                    0.6264427996367986,
                    3.979310106966483
                ],
                [
                    0.501807588258545,
                    -0.7080469827409397,
                    -0.49684868380382624,
                    -0.3767727950585947
                ],
                [
                    0.7877564817528151,
                    0.13685364909571102,
                    0.600592044723884,
                    2.3701650211883223
                ],
                [
                    0.0,
                    0.0,
                    0.0,
                    1.0
                ]
            ],
            "colmap_im_id": 4
        },
        {
            "file_path": "images/frame_00005.jpg",
            "transform_matrix": [
                [
                    -0.3069707775666611,
                    -0.6991817456153516,
                    0.6456886465769602,
                    4.220187738906715
                ],
                [
                    0.5086215206880422,
                    -0.6939540913102019,
                    -0.5096389583291433,
                    -0.5722640104421538
                ],
                [
                    0.8044085345227887,
                    0.17196687399641802,
                    0.5686425096972597,
                    2.037574413811
                ],
                [
                    0.0,
                    0.0,
                    0.0,
                    1.0
                ]
            ],
            "colmap_im_id": 5
        },
        {
            "file_path": "images/frame_00006.jpg",
            "transform_matrix": [
                [
                    -0.26767353265322064,
                    -0.7047543367537409,
                    0.657017659384997,
                    4.372660012353434
                ],
                [
                    0.5142272218788643,
                    -0.6811571760299253,
                    -0.5211480267847922,
                    -0.7809868126780765
                ],
                [
                    0.814813625435713,
                    0.19835883234616034,
                    0.5447316122959796,
                    1.7181155397734043
                ],
                [
                    0.0,
                    0.0,
                    0.0,
                    1.0
                ]
            ],
            "colmap_im_id": 6
        },
        {
            "file_path": "images/frame_00007.jpg",
            "transform_matrix": [
                [
                    -0.2264832872766103,
                    -0.7225427805091728,
                    0.6531747476123475,
                    4.222020287199968
                ],
                [
                    0.5177477877507896,
                    -0.6573193475257871,
                    -0.5476025051508047,
                    -0.9794697440757777
                ],
                [
                    0.8250106356063199,
                    0.21415696510351204,
                    0.5229667727820855,
                    1.3859893277100623
                ],
                [
                    0.0,
                    0.0,
                    0.0,
                    1.0
                ]
            ],
            "colmap_im_id": 7
        },
        {
            "file_path": "images/frame_00008.jpg",
            "transform_matrix": [
                [
                    0.00813298539831122,
                    -0.7705656675080708,
                    0.6373087215834655,
                    3.7484069342043664
                ],
                [
                    0.5128212945292874,
                    -0.54392416913796,
                    -0.6641993812891466,
                    -1.3957463968730877
                ],
                [
                    0.858456856473181,
                    0.3322274074868303,
                    0.39073875580592626,
                    0.6138009640146338
                ],
                [
                    0.0,
                    0.0,
                    0.0,
                    1.0
                ]
            ],
            "colmap_im_id": 8
        },
        {
            "file_path": "images/frame_00009.jpg",
            "transform_matrix": [
                [
                    0.02425754136099201,
                    -0.7708066988683628,
                    0.6366071038456736,
                    3.7809400408908838
                ],
                [
                    0.5154779857047112,
                    -0.5359688395466865,
                    -0.6685954302033417,
                    -1.5531429119189226
                ],
                [
                    0.8565594071288534,
                    0.34437542887760575,
                    0.38433259820685517,
                    0.4715570073349967
                ],
                [
                    0.0,
                    0.0,
                    0.0,
                    1.0
                ]
            ],
            "colmap_im_id": 9
        },
        {
            "file_path": "images/frame_00010.jpg",
            "transform_matrix": [
                [
                    0.10030475213135917,
                    -0.7660831736960548,
                    0.6348665432038816,
                    3.878914902287765
                ],
                [
                    0.504723558153041,
                    -0.5107105911368058,
                    -0.6960092111071722,
                    -1.8504557779074031
                ],
                [
                    0.8574340129393045,
                    0.39024513203943256,
                    0.33543352601420995,
                    0.06633502939651925
                ],
                [
                    0.0,
                    0.0,
                    0.0,
                    1.0
                ]
            ],
            "colmap_im_id": 10
        },
        {
            "file_path": "images/frame_00011.jpg",
            "transform_matrix": [
                [
                    0.17338440462836535,
                    -0.7481605326649077,
                    0.6404636333112342,
                    4.015267499161796
                ],
                [
                    0.5098857078223047,
                    -0.4881806327619235,
                    -0.708305184757753,
                    -2.1382573552992037
                ],
                [
                    0.8425879260885554,
                    0.4493723257597515,
                    0.29683345440003506,
                    -0.3446274748838501
                ],
                [
                    0.0,
                    0.0,
                    0.0,
                    1.0
                ]
            ],
            "colmap_im_id": 11
        },
        {
            "file_path": "images/frame_00012.jpg",
            "transform_matrix": [
                [
                    0.277076622208108,
                    -0.7419307625441973,
                    0.6105467132139276,
                    3.759931066907179
                ],
                [
                    0.5084622104995737,
                    -0.4259465991738062,
                    -0.7483553134348387,
                    -2.2435170858713063
                ],
                [
                    0.8152881244809292,
                    0.5177916938720185,
                    0.25922391062074834,
                    -0.6536110766368497
                ],
                [
                    0.0,
                    0.0,
                    0.0,
                    1.0
                ]
            ],
            "colmap_im_id": 12
        },
        {
            "file_path": "images/frame_00013.jpg",
            "transform_matrix": [
                [
                    0.3706952156034149,
                    -0.7218089525280662,
                    0.5844458000354472,
                    3.3744305447044827
                ],
                [
                    0.4988354544341298,
                    -0.3760708184305531,
                    -0.7808546144606363,
                    -2.401320791452618
                ],
                [
                    0.7834208616881689,
                    0.5810013559152079,
                    0.2206562437286945,
                    -0.8140023773268947
                ],
                [
                    0.0,
                    0.0,
                    0.0,
                    1.0
                ]
            ],
            "colmap_im_id": 13
        },
        {
            "file_path": "images/frame_00014.jpg",
            "transform_matrix": [
                [
                    0.5504045477356837,
                    -0.668310183393732,
                    0.5004161594154548,
                    2.868506770026409
                ],
                [
                    0.429501590579109,
                    -0.28732926918998664,
                    -0.8561368317954576,
                    -2.6010163515546068
                ],
                [
                    0.7159491724430536,
                    0.6861511421246668,
                    0.1288929503080847,
                    -1.2988126382507041
                ],
                [
                    0.0,
                    0.0,
                    0.0,
                    1.0
                ]
            ],
            "colmap_im_id": 14
        },
        {
            "file_path": "images/frame_00015.jpg",
            "transform_matrix": [
                [
                    0.6574551717275393,
                    -0.6020928995078922,
                    0.453030724709584,
                    2.647054955846287
                ],
                [
                    0.38770456637621215,
                    -0.2452266229465708,
                    -0.8885657390476259,
                    -2.850191725502968
                ],
                [
                    0.6460943169381272,
                    0.7598342212353952,
                    0.07220865502040148,
                    -1.5984763046635149
                ],
                [
                    0.0,
                    0.0,
                    0.0,
                    1.0
                ]
            ],
            "colmap_im_id": 15
        },
        {
            "file_path": "images/frame_00016.jpg",
            "transform_matrix": [
                [
                    0.7404851257516996,
                    -0.5243312118638912,
                    0.42042663902972754,
                    2.414265417543956
                ],
                [
                    0.3492026994736206,
                    -0.23432432714988274,
                    -0.9072759141441432,
                    -3.2085620434353053
                ],
                [
                    0.5742292688646459,
                    0.8186384366563165,
                    0.009584195744882399,
                    -2.0912262711756515
                ],
                [
                    0.0,
                    0.0,
                    0.0,
                    1.0
                ]
            ],
            "colmap_im_id": 16
        },
        {
            "file_path": "images/frame_00017.jpg",
            "transform_matrix": [
                [
                    0.8170802209732825,
                    -0.46351402773422323,
                    0.34283328103882993,
                    1.948232401199816
                ],
                [
                    0.30712474723691907,
                    -0.15330151764828007,
                    -0.939240669009489,
                    -3.0981579982712715
                ],
                [
                    0.4879080877879666,
                    0.8727275581648215,
                    0.01709699069304331,
                    -2.112698140063878
                ],
                [
                    0.0,
                    0.0,
                    0.0,
                    1.0
                ]
            ],
            "colmap_im_id": 17
        },
        {
            "file_path": "images/frame_00018.jpg",
            "transform_matrix": [
                [
                    0.8654471646041002,
                    -0.4045383048003375,
                    0.29555027529676337,
                    1.5725484134508647
                ],
                [
                    0.2735355353417033,
                    -0.11269642424652287,
                    -0.9552370527085806,
                    -2.935772459809488
                ],
                [
                    0.4197374371962204,
                    0.9075507015651065,
                    0.013122800944611436,
                    -2.0042235529327996
                ],
                [
                    0.0,
                    0.0,
                    0.0,
                    1.0
                ]
            ],
            "colmap_im_id": 18
        },
        {
            "file_path": "images/frame_00019.jpg",
            "transform_matrix": [
                [
                    0.8914687711378932,
                    -0.3587922271828209,
                    0.2766795398996565,
                    1.2560991807745454
                ],
                [
                    0.2666144858596245,
                    -0.07832954272274242,
                    -0.9606150106398785,
                    -2.943164423531197
                ],
                [
                    0.3663333809738101,
                    0.9301250563499712,
                    0.025830863985941147,
                    -2.04445361763233
                ],
                [
                    0.0,
                    0.0,
                    0.0,
                    1.0
                ]
            ],
            "colmap_im_id": 19
        },
        {
            "file_path": "images/frame_00020.jpg",
            "transform_matrix": [
                [
                    0.9224083878036728,
                    -0.3037676816297993,
                    0.2385119739272769,
                    1.1223981613017697
                ],
                [
                    0.229838382256951,
                    -0.06455792694712512,
                    -0.9710852651079601,
                    -2.959925107875552
                ],
                [
                    0.31038215823551585,
                    0.950556400044493,
                    0.010268699212492691,
                    -2.077215409291128
                ],
                [
                    0.0,
                    0.0,
                    0.0,
                    1.0
                ]
            ],
            "colmap_im_id": 20
        },
        {
            "file_path": "images/frame_00021.jpg",
            "transform_matrix": [
                [
                    0.9452001619652058,
                    -0.2583060384152084,
                    0.19968636493058212,
                    0.9082750257744427
                ],
                [
                    0.1918670477886685,
                    -0.05540361030638806,
                    -0.9798558444678884,
                    -3.013068058641855
                ],
                [
                    0.264166026948602,
                    0.9644731362164832,
                    -0.002807084418342685,
                    -2.2265147858039827
                ],
                [
                    0.0,
                    0.0,
                    0.0,
                    1.0
                ]
            ],
            "colmap_im_id": 21
        },
        {
            "file_path": "images/frame_00022.jpg",
            "transform_matrix": [
                [
                    0.9642068909057474,
                    -0.21217874151511457,
                    0.15901337421403994,
                    0.5773583868501067
                ],
                [
                    0.1498980639401595,
                    -0.05848244484189027,
                    -0.9869703005016447,
                    -3.227683406196222
                ],
                [
                    0.2187136071598289,
                    0.9754793617982789,
                    -0.02458399375119068,
                    -2.4676538768728196
                ],
                [
                    0.0,
                    0.0,
                    0.0,
                    1.0
                ]
            ],
            "colmap_im_id": 22
        },
        {
            "file_path": "images/frame_00023.jpg",
            "transform_matrix": [
                [
                    0.9813067543192693,
                    -0.14732606724047198,
                    0.12382279208141454,
                    0.16759742946391248
                ],
                [
                    0.11520791139564536,
                    -0.06567013645391781,
                    -0.9911682855751474,
                    -3.418198737363884
                ],
                [
                    0.1541563851393591,
                    0.9869054985608197,
                    -0.047469419958388416,
                    -2.72816923300394
                ],
                [
                    0.0,
                    0.0,
                    0.0,
                    1.0
                ]
            ],
            "colmap_im_id": 23
        },
        {
            "file_path": "images/frame_00024.jpg",
            "transform_matrix": [
                [
                    0.9955343253654122,
                    -0.053542713394517924,
                    0.07774692830965214,
                    -0.24719118723031408
                ],
                [
                    0.07804060220414978,
                    0.0034129418591924057,
                    -0.9969443395874614,
                    -3.0341253541373634
                ],
                [
                    0.05311375929876675,
                    0.9985597276428777,
                    0.00757620636825486,
                    -2.3401843044244415
                ],
                [
                    0.0,
                    0.0,
                    0.0,
                    1.0
                ]
            ],
            "colmap_im_id": 24
        },
        {
            "file_path": "images/frame_00025.jpg",
            "transform_matrix": [
                [
                    0.9967640281059121,
                    0.0781754474880371,
                    0.01871020267451075,
                    -0.6258019369005058
                ],
                [
                    0.015564639025136327,
                    0.040654625368605646,
                    -0.9990520223933064,
                    -2.830672191421697
                ],
                [
                    -0.07886199519472814,
                    0.996110335678826,
                    0.03930629552276837,
                    -2.084129130120327
                ],
                [
                    0.0,
                    0.0,
                    0.0,
                    1.0
                ]
            ],
            "colmap_im_id": 25
        },
        {
            "file_path": "images/frame_00026.jpg",
            "transform_matrix": [
                [
                    0.9883965632951507,
                    0.149054153698711,
                    -0.02924197208630539,
                    -0.8267773297847817
                ],
                [
                    -0.03231191349638977,
                    0.01821576693610048,
                    -0.9993118262490099,
                    -2.7476672276446497
                ],
                [
                    -0.14841891359438344,
                    0.9886612387972387,
                    0.022820626358017487,
                    -1.9819744145524258
                ],
                [
                    0.0,
                    0.0,
                    0.0,
                    1.0
                ]
            ],
            "colmap_im_id": 26
        },
        {
            "file_path": "images/frame_00027.jpg",
            "transform_matrix": [
                [
                    0.963128804230328,
                    0.24990930508520529,
                    -0.09964058256397518,
                    -1.2565564827515028
                ],
                [
                    -0.1058010220825445,
                    0.01130443155224312,
                    -0.9943230629697623,
                    -2.628472971847271
                ],
                [
                    -0.24736420555154595,
                    0.9682032581328728,
                    0.03732828354936865,
                    -1.8017263530911642
                ],
                [
                    0.0,
                    0.0,
                    0.0,
                    1.0
                ]
            ],
            "colmap_im_id": 27
        },
        {
            "file_path": "images/frame_00028.jpg",
            "transform_matrix": [
                [
                    0.9298583946978889,
                    0.33543266119442455,
                    -0.15115652686500572,
                    -1.6712151926868841
                ],
                [
                    -0.15913176688141698,
                    -0.0037542685440673505,
                    -0.9872502146046347,
                    -2.737418439877834
                ],
                [
                    -0.3317234489436392,
                    0.9420567049130988,
                    0.049887053923953276,
                    -1.8095191745910426
                ],
                [
                    0.0,
                    0.0,
                    0.0,
                    1.0
                ]
            ],
            "colmap_im_id": 28
        },
        {
            "file_path": "images/frame_00029.jpg",
            "transform_matrix": [
                [
                    0.8913135069780562,
                    0.40984255554771465,
                    -0.1938796326089905,
                    -2.0319620620773176
                ],
                [
                    -0.2034149430166194,
                    -0.020684203276617404,
                    -0.978874110747831,
                    -2.713805501017062
                ],
                [
                    -0.4051945128404679,
                    0.9119217309599165,
                    0.06493199032099514,
                    -1.7066712536581108
                ],
                [
                    0.0,
                    0.0,
                    0.0,
                    1.0
                ]
            ],
            "colmap_im_id": 29
        },
        {
            "file_path": "images/frame_00030.jpg",
            "transform_matrix": [
                [
                    0.8532397061534347,
                    0.478443286146786,
                    -0.207542828795082,
                    -2.1786504385745897
                ],
                [
                    -0.21650881906719505,
                    -0.037078467826997495,
                    -0.9755763007011451,
                    -2.5459324432213672
                ],
                [
                    -0.4744533012945835,
                    0.877335288908788,
                    0.07195036988094196,
                    -1.4524055913366176
                ],
                [
                    0.0,
                    0.0,
                    0.0,
                    1.0
                ]
            ],
            "colmap_im_id": 30
        },
        {
            "file_path": "images/frame_00031.jpg",
            "transform_matrix": [
                [
                    0.6705497267296575,
                    0.6541040264610434,
                    -0.3500156947198689,
                    -2.7278668271090956
                ],
                [
                    -0.35779662866302286,
                    -0.12816166546070956,
                    -0.9249627884535205,
                    -2.2996155806589145
                ],
                [
                    -0.6498804786267678,
                    0.7454679805825252,
                    0.14809744571077327,
                    -0.9214513031189111
                ],
                [
                    0.0,
                    0.0,
                    0.0,
                    1.0
                ]
            ],
            "colmap_im_id": 31
        },
        {
            "file_path": "images/frame_00032.jpg",
            "transform_matrix": [
                [
                    0.6324979663959898,
                    0.681429026638091,
                    -0.3682401446882196,
                    -2.9709595219788185
                ],
                [
                    -0.3756726044799478,
                    -0.14587185183648516,
                    -0.9152002497186325,
                    -2.152271154494229
                ],
                [
                    -0.6773598871709114,
                    0.7172000310212334,
                    0.1637305675643735,
                    -0.7103968324311651
                ],
                [
                    0.0,
                    0.0,
                    0.0,
                    1.0
                ]
            ],
            "colmap_im_id": 32
        },
        {
            "file_path": "images/frame_00033.jpg",
            "transform_matrix": [
                [
                    0.5037707496526599,
                    0.7450639081781116,
                    -0.4371439174056472,
                    -3.304896755140319
                ],
                [
                    -0.42526133183446274,
                    -0.22657605806275066,
                    -0.8762511566663543,
                    -1.9919276601396985
                ],
                [
                    -0.751909456943305,
                    0.6273301065970796,
                    0.20270447926999716,
                    -0.3740519508372253
                ],
                [
                    0.0,
                    0.0,
                    0.0,
                    1.0
                ]
            ],
            "colmap_im_id": 33
        },
        {
            "file_path": "images/frame_00034.jpg",
            "transform_matrix": [
                [
                    0.38856374317820586,
                    0.7873772002031041,
                    -0.4785972859175678,
                    -3.6775752860179862
                ],
                [
                    -0.45584574169598496,
                    -0.2871306564400511,
                    -0.842472934823394,
                    -1.7972261874136095
                ],
                [
                    -0.8007639335440744,
                    0.5455209718540857,
                    0.24735398117353058,
                    -0.0704580981714291
                ],
                [
                    0.0,
                    0.0,
                    0.0,
                    1.0
                ]
            ],
            "colmap_im_id": 34
        },
        {
            "file_path": "images/frame_00035.jpg",
            "transform_matrix": [
                [
                    0.33379664136205917,
                    0.8019387183310858,
                    -0.49545342289351846,
                    -3.57888516963904
                ],
                [
                    -0.4534074279214737,
                    -0.3242161683742995,
                    -0.8302442896342748,
                    -1.5973862266572063
                ],
                [
                    -0.826439051909481,
                    0.5017750175189901,
                    0.25538270355052406,
                    0.3023889228473724
                ],
                [
                    0.0,
                    0.0,
                    0.0,
                    1.0
                ]
            ],
            "colmap_im_id": 35
        },
        {
            "file_path": "images/frame_00036.jpg",
            "transform_matrix": [
                [
                    0.22979578649991675,
                    0.8399935312455071,
                    -0.49153307515627803,
                    -3.2478669011528836
                ],
                [
                    -0.46859229513607936,
                    -0.3471607403231454,
                    -0.8123427117401785,
                    -1.239621915613169
                ],
                [
                    -0.8530036092807494,
                    0.4170015441745849,
                    0.31383842134134204,
                    0.7556199822170756
                ],
                [
                    0.0,
                    0.0,
                    0.0,
                    1.0
                ]
            ],
            "colmap_im_id": 36
        },
        {
            "file_path": "images/frame_00037.jpg",
            "transform_matrix": [
                [
                    0.11884106081023454,
                    0.8589721070844335,
                    -0.4980398794438319,
                    -3.1201191854104153
                ],
                [
                    -0.48513790813913216,
                    -0.3874121730916995,
                    -0.7839343200975155,
                    -1.0362048250622569
                ],
                [
                    -0.8663244267316287,
                    0.33478161148918495,
                    0.3706794575597888,
                    0.9932955622827326
                ],
                [
                    0.0,
                    0.0,
                    0.0,
                    1.0
                ]
            ],
            "colmap_im_id": 37
        },
        {
            "file_path": "images/frame_00038.jpg",
            "transform_matrix": [
                [
                    0.009164140212840103,
                    0.8631307989333176,
                    -0.5048972593180631,
                    -3.147131144698369
                ],
                [
                    -0.5018499592014429,
                    -0.4327555261058896,
                    -0.748912059640065,
                    -0.8699164113219942
                ],
                [
                    -0.8649061434535358,
                    0.26024580411131903,
                    0.429196323911079,
                    1.2464956624576353
                ],
                [
                    0.0,
                    0.0,
                    0.0,
                    1.0
                ]
            ],
            "colmap_im_id": 38
        },
        {
            "file_path": "images/frame_00039.jpg",
            "transform_matrix": [
                [
                    -0.15128362662498354,
                    0.8472637386081568,
                    -0.509173272624283,
                    -3.138659182093046
                ],
                [
                    -0.5049604007975498,
                    -0.5090610466776803,
                    -0.6970450805950807,
                    -0.6432090690462072
                ],
                [
                    -0.8497813000658294,
                    0.15166083210623002,
                    0.5048472383437144,
                    1.6156528907109584
                ],
                [
                    0.0,
                    0.0,
                    0.0,
                    1.0
                ]
            ],
            "colmap_im_id": 39
        },
        {
            "file_path": "images/frame_00040.jpg",
            "transform_matrix": [
                [
                    -0.2565004246947371,
                    0.8262023841663783,
                    -0.5015946097489608,
                    -3.1689961852884125
                ],
                [
                    -0.4988898005407924,
                    -0.5576540999821731,
                    -0.6634235989844202,
                    -0.4407067089220208
                ],
                [
                    -0.8278384498486335,
                    0.08007199991798085,
                    0.5552224561212803,
                    1.911464901464269
                ],
                [
                    0.0,
                    0.0,
                    0.0,
                    1.0
                ]
            ],
            "colmap_im_id": 40
        },
        {
            "file_path": "images/frame_00041.jpg",
            "transform_matrix": [
                [
                    -0.3769972180000189,
                    0.7963787334501542,
                    -0.4729207233020948,
                    -2.8896940367626254
                ],
                [
                    -0.4955391057358918,
                    -0.6047978599697463,
                    -0.623426453771805,
                    -0.23058188653561476
                ],
                [
                    -0.7825050110425626,
                    -0.0006793263904972275,
                    0.62264391606193,
                    2.088652349435147
                ],
                [
                    0.0,
                    0.0,
                    0.0,
                    1.0
                ]
            ],
            "colmap_im_id": 41
        },
        {
            "file_path": "images/frame_00042.jpg",
            "transform_matrix": [
                [
                    -0.4083615623269461,
                    0.7903302609021089,
                    -0.45674819443135395,
                    -2.7049728112862677
                ],
                [
                    -0.49389387800325746,
                    -0.6121029771140115,
                    -0.6175749207011793,
                    -0.23621525916589736
                ],
                [
                    -0.7676650778072431,
                    -0.02660872245278667,
                    0.6402986054995209,
                    2.0998744955095727
                ],
                [
                    0.0,
                    0.0,
                    0.0,
                    1.0
                ]
            ],
            "colmap_im_id": 42
        },
        {
            "file_path": "images/frame_00043.jpg",
            "transform_matrix": [
                [
                    -0.4760959912834812,
                    0.7637543438683231,
                    -0.4359035550509652,
                    -2.333451216175284
                ],
                [
                    -0.4501733863909874,
                    -0.6374843455171205,
                    -0.6252660484992608,
                    -0.22610278172320222
                ],
                [
                    -0.7554313531149426,
                    -0.10145447965899829,
                    0.647325620756703,
                    2.060162103437993
                ],
                [
                    0.0,
                    0.0,
                    0.0,
                    1.0
                ]
            ],
            "colmap_im_id": 43
        },
        {
            "file_path": "images/frame_00044.jpg",
            "transform_matrix": [
                [
                    -0.5670120201720986,
                    0.7124131375433281,
                    -0.41347900845874247,
                    -2.1696501853844246
                ],
                [
                    -0.4338964339566653,
                    -0.6850058665139658,
                    -0.5852357195533605,
                    -0.0654312248951341
                ],
                [
                    -0.7001651616440531,
                    -0.15242862033463597,
                    0.6975200800857527,
                    2.2526540670597437
                ],
                [
                    0.0,
                    0.0,
                    0.0,
                    1.0
                ]
            ],
            "colmap_im_id": 44
        },
        {
            "file_path": "images/frame_00045.jpg",
            "transform_matrix": [
                [
                    -0.6646611141647667,
                    0.6448204384222636,
                    -0.3774019150854581,
                    -1.880011616099767
                ],
                [
                    -0.39804338620710616,
                    -0.7330775149865617,
                    -0.5515059561944079,
                    0.09699422481024057
                ],
                [
                    -0.6322871705277846,
                    -0.2163422270710179,
                    0.7439146286852549,
                    2.5232452681189828
                ],
                [
                    0.0,
                    0.0,
                    0.0,
                    1.0
                ]
